5.204170427930419742e-18 0.000000000000000000e+00 -2.775557561562891351e-17 -2.081668171172168513e-17 3.469446951953614189e-17 3.816391647148975608e-17 5.551115123125782702e-17 -6.938893903907228378e-17 2.640524862370451087e-03 2.289744227904102480e-01
1.170938346284344481e-17 -3.469446951953614189e-18 0.000000000000000000e+00 -5.551115123125782702e-17 3.469446951953614189e-17 6.418476861114186249e-17 2.775557561562891351e-17 -1.387778780781445676e-17 2.289842092443754307e-03 2.294709766062945633e-01
0.000000000000000000e+00 1.734723475976807094e-17 -4.163336342344337027e-17 -6.245004513516505540e-17 2.081668171172168513e-17 2.949029909160572061e-17 2.775557561562891351e-17 -1.387778780781445676e-17 1.938457923281955431e-03 2.298972413974406659e-01
-1.409462824231155456e-17 0.000000000000000000e+00 -5.551115123125782702e-17 -6.938893903907228378e-17 2.081668171172168513e-17 7.285838599102589797e-17 1.387778780781445676e-16 -4.163336342344337027e-17 1.586479987017379301e-03 2.302530865951050998e-01
-3.686287386450714305e-18 1.734723475976807094e-17 -5.551115123125782702e-17 -2.775557561562891351e-17 -2.775557561562891351e-17 5.204170427930421283e-18 5.551115123125782702e-17 -4.163336342344337027e-17 1.234016097658940936e-03 2.305384032007060935e-01
7.372574772901428611e-18 1.734723475976807094e-17 -4.163336342344337027e-17 -6.938893903907228378e-17 2.081668171172168513e-17 6.071532165918824830e-17 8.326672684688674053e-17 -4.163336342344337027e-17 8.811742180669795976e-04 2.307531038191977801e-01
-7.806255641895630384e-18 -3.469446951953614189e-18 -1.387778780781445676e-17 -1.249000902703301108e-16 3.469446951953614189e-17 1.561251128379126385e-17 5.551115123125782702e-17 -4.163336342344337027e-17 5.280624268838643443e-04 2.308971226858506642e-01
-4.336808689942016773e-19 -1.040834085586084257e-17 -4.163336342344337027e-17 -4.857225732735059864e-17 2.775557561562891351e-17 2.255140518769849223e-17 2.775557561562891351e-17 -2.775557561562891351e-17 1.747888854285034599e-04 2.309704156863866265e-01
5.204170427930419742e-18 2.081668171172168513e-17 -2.775557561562891351e-17 -2.775557561562891351e-17 4.163336342344337027e-17 5.204170427930421283e-17 2.775557561562891351e-17 -4.163336342344337027e-17 -1.785381954353265632e-04 2.309729603705048817e-01
-6.071532165918823290e-18 3.816391647148975608e-17 -4.163336342344337027e-17 -8.326672684688674053e-17 -6.938893903907228378e-18 5.724587470723463412e-17 0.000000000000000000e+00 -4.163336342344337027e-17 -5.318105884433432795e-04 2.309047559587426024e-01
3.035766082959411645e-18 1.040834085586084257e-17 -5.551115123125782702e-17 -9.020562075079396891e-17 2.775557561562891351e-17 8.847089727481716182e-17 5.551115123125782702e-17 -4.163336342344337027e-17 -8.849200830834264009e-04 2.307658233427265781e-01
3.035766082959411645e-18 3.469446951953614189e-18 -4.163336342344337027e-17 -5.551115123125782702e-17 2.775557561562891351e-17 3.295974604355933479e-17 2.775557561562891351e-17 -5.551115123125782702e-17 -1.237758518740299241e-03 2.305562050787648698e-01
-1.322726650432315101e-17 -6.938893903907228378e-18 -2.775557561562891351e-17 -2.775557561562891351e-17 2.081668171172168513e-17 2.081668171172168513e-17 2.775557561562891351e-17 -2.775557561562891351e-17 -1.590217817826283797e-03 2.302759653748190083e-01
8.239936510889832158e-18 -1.040834085586084257e-17 -1.387778780781445676e-17 -1.110223024625156540e-16 6.938893903907228378e-18 1.040834085586084257e-17 1.110223024625156540e-16 -6.938893903907228378e-17 -1.942190018887186842e-03 2.299251900708328133e-01
-3.903127820947815192e-18 3.122502256758252770e-17 -4.163336342344337027e-17 -4.857225732735059864e-17 2.775557561562891351e-17 4.336808689942017736e-17 0.000000000000000000e+00 -2.775557561562891351e-17 -2.293567309670958843e-03 2.295039866124361227e-01
4.770489558936218739e-18 1.734723475976807094e-17 -5.551115123125782702e-17 -2.775557561562891351e-17 1.387778780781445676e-17 5.898059818321144121e-17 5.551115123125782702e-17 -2.775557561562891351e-17 -2.644242060152110496e-03 2.290124840180396415e-01
3.035766082959411645e-18 1.040834085586084257e-17 -4.163336342344337027e-17 -2.775557561562891351e-17 0.000000000000000000e+00 1.734723475976807094e-17 2.775557561562891351e-17 -5.551115123125782702e-17 -2.994106855499202580e-03 2.284508328393074494e-01
5.637851296924621516e-18 3.469446951953614189e-18 0.000000000000000000e+00 -8.326672684688674053e-17 3.469446951953614189e-17 2.602085213965210642e-17 8.326672684688674053e-17 0.000000000000000000e+00 -3.343054528977873474e-03 2.278192051150520203e-01
-3.469446951953613418e-18 -3.469446951953614189e-18 -4.163336342344337027e-17 -1.040834085586084257e-16 2.081668171172168513e-17 -1.908195823574487804e-17 8.326672684688674053e-17 -2.775557561562891351e-17 -3.690978194775977606e-03 2.271177943185262449e-01
3.686287386450714305e-18 2.081668171172168513e-17 -5.551115123125782702e-17 -1.387778780781445676e-17 2.775557561562891351e-17 5.204170427930421283e-17 5.551115123125782702e-17 -6.938893903907228378e-17 -4.037771280744624491e-03 2.263468152981693571e-01
-1.084202172485504241e-18 -3.469446951953614189e-18 -4.163336342344337027e-17 -2.081668171172168513e-17 6.938893903907228378e-18 3.469446951953614189e-17 8.326672684688674053e-17 -4.163336342344337027e-17 -4.383327561040983866e-03 2.255065042117896379e-01
1.192622389734054569e-17 -1.040834085586084257e-17 -2.775557561562891351e-17 0.000000000000000000e+00 2.081668171172168513e-17 4.163336342344337027e-17 5.551115123125782702e-17 -1.387778780781445676e-17 -4.727541188667680472e-03 2.245971184542345511e-01
-6.505213034913024678e-19 3.469446951953614189e-18 -2.775557561562891351e-17 -6.938893903907228378e-18 -6.938893903907228378e-18 2.949029909160572061e-17 8.326672684688674053e-17 -2.775557561562891351e-17 -5.070306727893422738e-03 2.236189365785451189e-01
4.336808689942016773e-19 2.428612866367529932e-17 -2.775557561562891351e-17 -4.857225732735059864e-17 6.938893903907228378e-18 5.030698080332740574e-17 5.551115123125782702e-17 -5.551115123125782702e-17 -5.411519186549820781e-03 2.225722582106283987e-01
-1.301042606982605013e-17 5.204170427930421283e-17 -2.775557561562891351e-17 -3.469446951953614189e-17 -6.938893903907228378e-18 5.898059818321144121e-17 2.775557561562891351e-17 0.000000000000000000e+00 -5.751074048190488175e-03 2.214574039574884190e-01
-1.691355389077386609e-17 -6.938893903907228378e-18 -2.775557561562891351e-17 -1.387778780781445676e-17 6.938893903907228378e-18 2.602085213965210642e-17 5.551115123125782702e-17 -2.775557561562891351e-17 -6.088867304106425349e-03 2.202747153090083565e-01
-6.722053469410125950e-18 -3.469446951953614189e-18 -1.387778780781445676e-17 -5.551115123125782702e-17 6.938893903907228378e-18 2.081668171172168513e-17 5.551115123125782702e-17 -5.551115123125782702e-17 -6.424795485184216226e-03 2.190245545333688593e-01
-5.421010862427520629e-18 -6.938893903907228378e-18 -1.387778780781445676e-17 -6.245004513516505540e-17 4.163336342344337027e-17 6.938893903907228378e-18 5.551115123125782702e-17 -1.387778780781445676e-17 -6.758755693599627357e-03 2.177073045660594397e-01
-4.336808689942016966e-18 -1.387778780781445676e-17 -2.775557561562891351e-17 -6.938893903907228378e-18 1.387778780781445676e-17 1.561251128379126385e-17 1.110223024625156540e-16 -1.387778780781445676e-17 -7.090645634335784875e-03 2.163233688925982612e-01
-3.903127820947815192e-18 -3.469446951953614189e-18 -6.938893903907228378e-18 -4.163336342344337027e-17 2.081668171172168513e-17 1.214306433183764966e-17 2.775557561562891351e-17 -1.387778780781445676e-17 -7.420363646517651179e-03 2.148731714249298153e-01
-4.119968255444916079e-18 -3.469446951953614189e-18 -4.163336342344337027e-17 -2.775557561562891351e-17 2.081668171172168513e-17 3.903127820947815962e-17 8.326672684688674053e-17 -2.775557561562891351e-17 -7.747808734552469323e-03 2.133571563715924990e-01
-2.168404344971008483e-18 -1.734723475976807094e-17 -6.938893903907228378e-18 -6.245004513516505540e-17 3.469446951953614189e-17 2.341876692568689577e-17 5.551115123125782702e-17 0.000000000000000000e+00 -8.072880599062554063e-03 2.117757881016336940e-01
-5.421010862427520629e-18 -1.734723475976807094e-17 -1.387778780781445676e-17 -4.857225732735059864e-17 2.775557561562891351e-17 1.387778780781445676e-17 5.551115123125782702e-17 1.387778780781445676e-17 -8.395479667611754904e-03 2.101295510023820368e-01
1.084202172485504241e-18 1.387778780781445676e-17 -6.938893903907228378e-18 -6.938893903907228378e-17 -6.938893903907228378e-18 3.382710778154773834e-17 2.775557561562891351e-17 -4.163336342344337027e-17 -8.715507125202699712e-03 2.084189493310731056e-01
3.035766082959411645e-18 6.938893903907228378e-18 1.387778780781445676e-17 -6.938893903907228378e-17 4.163336342344337027e-17 -3.469446951953614189e-18 8.326672684688674053e-17 -6.938893903907228378e-17 -9.032864944545582198e-03 2.066445070603893097e-01
-6.505213034913024678e-19 3.122502256758252770e-17 0.000000000000000000e+00 -5.551115123125782702e-17 0.000000000000000000e+00 2.255140518769849223e-17 2.775557561562891351e-17 -2.775557561562891351e-17 -9.347455916085177507e-03 2.048067677179650214e-01
4.336808689942016773e-19 3.469446951953614189e-18 -4.163336342344337027e-17 -2.081668171172168513e-17 2.775557561562891351e-17 4.076600168545496672e-17 8.326672684688674053e-17 -1.387778780781445676e-17 -9.659183677776454757e-03 2.029062942198932018e-01
4.987329993433319626e-18 1.734723475976807094e-18 -2.081668171172168513e-17 -2.775557561562891351e-17 3.469446951953614189e-17 5.204170427930421283e-17 8.326672684688674053e-17 -2.775557561562891351e-17 -9.967952744601230042e-03 2.009436686983070985e-01
2.385244779468109370e-18 1.734723475976807094e-17 -2.775557561562891351e-17 -3.469446951953614189e-17 2.775557561562891351e-17 3.035766082959412415e-17 5.551115123125782702e-17 -6.938893903907228378e-17 -1.027366853781633976e-02 1.989194923230583889e-01
5.421010862427520629e-18 1.387778780781445676e-17 6.938893903907228378e-18 -3.469446951953614189e-17 5.551115123125782702e-17 3.816391647148975608e-17 5.551115123125782702e-17 -2.775557561562891351e-17 -1.057623741392367187e-02 1.968343851175878567e-01
7.372574772901428611e-18 1.734723475976807094e-18 1.387778780781445676e-17 -3.469446951953614189e-17 2.081668171172168513e-17 1.734723475976807094e-17 5.551115123125782702e-17 -5.551115123125782702e-17 -1.087556669335426260e-02 1.946889857689903802e-01
1.301042606982604936e-18 -5.204170427930421283e-18 -2.775557561562891351e-17 -1.387778780781445676e-17 4.857225732735059864e-17 3.035766082959412415e-17 2.775557561562891351e-17 -1.387778780781445676e-17 -1.117156468885657436e-02 1.924839514323893053e-01
2.385244779468109370e-18 -2.602085213965210642e-17 6.938893903907228378e-18 -6.938893903907228378e-17 6.245004513516505540e-17 2.602085213965210642e-18 5.551115123125782702e-17 -2.775557561562891351e-17 -1.146414073358156469e-02 1.902199575296400491e-01
-1.084202172485504241e-18 -5.204170427930421283e-18 -2.081668171172168513e-17 -8.326672684688674053e-17 3.469446951953614189e-17 8.673617379884035472e-18 2.775557561562891351e-17 -2.775557561562891351e-17 -1.175320520885415540e-02 1.878976975424457574e-01
-3.903127820947815192e-18 -1.040834085586084257e-17 -6.938893903907228378e-18 0.000000000000000000e+00 6.938893903907228378e-18 7.806255641895631925e-18 2.775557561562891351e-17 0.000000000000000000e+00 -1.203866957162515530e-02 1.855178827999351965e-01
-1.734723475976806709e-18 -1.734723475976807094e-18 -2.081668171172168513e-17 -4.857225732735059864e-17 2.775557561562891351e-17 1.734723475976807094e-17 2.775557561562891351e-17 -2.775557561562891351e-17 -1.232044638159137881e-02 1.830812422607753787e-01
-4.987329993433319626e-18 2.255140518769849223e-17 6.938893903907228378e-18 -2.081668171172168513e-17 1.387778780781445676e-17 3.122502256758252770e-17 5.551115123125782702e-17 -2.775557561562891351e-17 -1.259844932798104625e-02 1.805885222898854503e-01
2.385244779468109370e-18 1.561251128379126385e-17 -2.081668171172168513e-17 -2.775557561562891351e-17 3.469446951953614189e-17 9.540979117872439019e-18 5.551115123125782702e-17 -4.163336342344337027e-17 -1.287259325599041451e-02 1.780404864298185952e-01
2.602085213965209871e-18 -1.908195823574487804e-17 -3.469446951953614189e-17 -5.551115123125782702e-17 2.775557561562891351e-17 -6.938893903907228378e-18 5.551115123125782702e-17 -5.551115123125782702e-17 -1.314279419286770376e-02 1.754379151668888082e-01
5.963111948670272846e-18 3.122502256758252770e-17 -3.469446951953614189e-17 6.938893903907228378e-18 2.775557561562891351e-17 4.770489558936219510e-17 2.775557561562891351e-17 -5.551115123125782702e-17 -1.340896937363486238e-02 1.727816056920865317e-01
-4.011548038196365635e-18 -3.469446951953614189e-18 0.000000000000000000e+00 -5.551115123125782702e-17 3.469446951953614189e-17 5.204170427930421283e-18 5.551115123125782702e-17 -2.775557561562891351e-17 -1.367103726643921144e-02 1.700723716569046418e-01
1.951563910473907596e-18 5.204170427930421283e-18 0.000000000000000000e+00 -4.857225732735059864e-17 2.775557561562891351e-17 3.295974604355933479e-17 0.000000000000000000e+00 0.000000000000000000e+00 -1.392891759752725236e-02 1.673110429241009556e-01
-2.276824562219558926e-18 1.734723475976807094e-18 -6.938893903907228378e-18 -3.469446951953614189e-17 2.775557561562891351e-17 2.949029909160572061e-17 2.775557561562891351e-17 -2.775557561562891351e-17 -1.418253137583361592e-02 1.644984653135133923e-01
-2.927345865710861201e-18 -5.204170427930421283e-18 -1.387778780781445676e-17 -3.469446951953614189e-17 1.387778780781445676e-17 2.081668171172168513e-17 2.775557561562891351e-17 -4.163336342344337027e-17 -1.443180091717575705e-02 1.616355003429702231e-01
-3.252606517456512339e-19 0.000000000000000000e+00 -1.387778780781445676e-17 -1.387778780781445676e-17 2.775557561562891351e-17 -8.673617379884035472e-18 5.551115123125782702e-17 -4.163336342344337027e-17 -1.467664986805070765e-02 1.587230249643993285e-01
2.818925648462310758e-18 -1.734723475976807094e-17 -2.081668171172168513e-17 -4.163336342344337027e-17 1.387778780781445676e-17 1.561251128379126385e-17 4.163336342344337027e-17 -4.163336342344337027e-17 -1.491700322902178230e-02 1.557619312952115975e-01
6.505213034913024678e-19 -3.469446951953614189e-18 -1.387778780781445676e-17 -3.122502256758252770e-17 2.775557561562891351e-17 3.642919299551294898e-17 1.387778780781445676e-17 0.000000000000000000e+00 -1.515278737769236092e-02 1.527531263450420118e-01
2.385244779468109370e-18 7.806255641895631925e-18 -3.469446951953614189e-17 -5.551115123125782702e-17 2.081668171172168513e-17 0.000000000000000000e+00 5.551115123125782702e-17 -5.551115123125782702e-17 -1.538393009125566327e-02 1.496975317379175552e-01
-1.843143693225357153e-18 9.540979117872439019e-18 -1.387778780781445676e-17 -5.551115123125782702e-17 3.469446951953614189e-17 1.908195823574487804e-17 4.163336342344337027e-17 -2.775557561562891351e-17 -1.561036056861898544e-02 1.465960834299585014e-01
2.818925648462310758e-18 8.673617379884035472e-18 -6.938893903907228378e-18 -1.040834085586084257e-17 2.775557561562891351e-17 2.081668171172168513e-17 4.163336342344337027e-17 -4.163336342344337027e-17 -1.583200945209031069e-02 1.434497314226847176e-01
1.192622389734054685e-18 -2.081668171172168513e-17 -1.734723475976807094e-17 -2.081668171172168513e-17 2.081668171172168513e-17 8.673617379884035472e-18 5.551115123125782702e-17 -4.163336342344337027e-17 -1.604880884862206272e-02 1.402594394720241555e-01
-9.757819552369538365e-18 -5.204170427930421283e-18 -1.387778780781445676e-17 -3.122502256758252770e-17 2.775557561562891351e-17 1.257674520083185143e-17 2.775557561562891351e-17 -2.775557561562891351e-17 -1.626069235060853546e-02 1.370261847931065480e-01
9.757819552369537980e-19 1.127570259384924611e-17 -1.734723475976807094e-17 -4.510281037539698445e-17 1.734723475976807094e-17 3.122502256758252770e-17 1.387778780781445676e-17 0.000000000000000000e+00 -1.646759505622686498e-02 1.337509577609310718e-01
-3.794707603699264749e-18 6.071532165918824830e-18 -1.387778780781445676e-17 -4.163336342344337027e-17 2.081668171172168513e-17 2.038300084272748336e-17 4.163336342344337027e-17 -4.163336342344337027e-17 -1.666945358931651300e-02 1.304347616070040405e-01
-1.734723475976806709e-18 1.734723475976807094e-18 -3.469446951953614189e-17 -2.428612866367529932e-17 6.938893903907228378e-18 2.775557561562891351e-17 4.163336342344337027e-17 -2.775557561562891351e-17 -1.686620611879276199e-02 1.270786121120435486e-01
6.830473686658676394e-18 -1.734723475976807094e-18 -2.081668171172168513e-17 -3.122502256758252770e-17 3.122502256758252770e-17 2.818925648462311528e-17 1.387778780781445676e-17 -2.775557561562891351e-17 -1.705779237758558303e-02 1.236835372948371370e-01
3.144186300207962088e-18 0.000000000000000000e+00 -1.734723475976807094e-17 -1.387778780781445676e-17 6.938893903907228378e-18 1.951563910473907981e-17 2.775557561562891351e-17 -2.775557561562891351e-17 -1.724415368110031321e-02 1.202505770973487237e-01
-4.011548038196365635e-18 -8.673617379884035472e-19 -1.040834085586084257e-17 -4.163336342344337027e-17 1.040834085586084257e-17 2.081668171172168513e-17 1.387778780781445676e-17 -2.775557561562891351e-17 -1.742523294519275970e-02 1.167807830661722612e-01
-6.938893903907226837e-18 -2.211772431870429045e-17 -1.734723475976807094e-17 -2.775557561562891351e-17 1.734723475976807094e-17 -6.505213034913026604e-18 2.775557561562891351e-17 -3.469446951953614189e-17 -1.760097470365509786e-02 1.132752180304373718e-01
5.421010862427521207e-19 -4.770489558936219510e-18 3.469446951953614189e-18 -4.163336342344337027e-17 2.081668171172168513e-17 1.040834085586084257e-17 2.775557561562891351e-17 6.938893903907228378e-18 -1.777132512520552404e-02 1.097349557762556660e-01
6.451002926288749842e-18 -3.469446951953614189e-18 -6.938893903907228378e-18 -2.081668171172168513e-17 1.387778780781445676e-17 1.864827736675067626e-17 2.775557561562891351e-17 -2.081668171172168513e-17 -1.793623202997761748e-02 1.061610807178093863e-01
-3.361026734705062975e-18 -1.062518129035794345e-17 -1.040834085586084257e-17 -4.510281037539698445e-17 1.734723475976807094e-17 -7.372574772901430151e-18 1.387778780781445676e-17 -3.469446951953614189e-17 -1.809564490550195220e-02 1.025546875651838219e-01
4.878909776184769183e-18 1.301042606982605321e-18 -1.040834085586084257e-17 -3.469446951953614189e-18 3.469446951953614189e-18 1.561251128379126385e-17 1.387778780781445676e-17 -2.081668171172168513e-17 -1.824951492218120086e-02 9.891688098904775905e-02
-7.047314121155776895e-19 -2.168404344971008868e-19 1.734723475976807094e-18 -2.081668171172168513e-17 3.469446951953614189e-18 -2.385244779468109755e-18 2.775557561562891351e-17 -1.387778780781445676e-17 -1.839779494824467926e-02 9.524877528228538337e-02
-2.385244779468109370e-18 -1.626303258728256651e-17 -1.214306433183764966e-17 -2.081668171172168513e-17 1.734723475976807094e-17 1.517883041479706208e-18 2.775557561562891351e-17 -1.387778780781445676e-17 -1.854043956418614802e-02 9.155149401867847259e-02
-2.168404344971008387e-19 -3.740497495074990297e-18 -8.673617379884035472e-18 1.387778780781445676e-17 2.081668171172168513e-17 3.686287386450715076e-18 2.775557561562891351e-17 -2.081668171172168513e-17 -1.867740507667639549e-02 8.782616970874458640e-02
2.222614453595283705e-18 -9.215718466126787689e-19 0.000000000000000000e+00 -8.673617379884035472e-18 2.775557561562891351e-17 8.456776945386934585e-18 1.387778780781445676e-17 -4.163336342344337027e-17 -1.880864953194659461e-02 8.407394345283578097e-02
1.138412281109779463e-18 -1.192622389734054877e-17 -1.734723475976807094e-18 -3.122502256758252770e-17 2.428612866367529932e-17 1.517883041479706208e-17 2.775557561562891351e-17 -6.938893903907228378e-18 -1.893413272863943286e-02 8.029596459161317257e-02
-6.234162491791649533e-19 -5.637851296924623057e-18 -3.469446951953614189e-18 -3.469446951953614189e-18 3.469446951953614189e-18 6.722053469410127491e-18 2.775557561562891351e-17 -1.387778780781445676e-17 -1.905381623012255762e-02 7.649339035399443931e-02
-4.553649124439117852e-18 8.673617379884035472e-19 -1.387778780781445676e-17 -3.816391647148975608e-17 1.734723475976807094e-17 4.770489558936219510e-18 2.775557561562891351e-17 -2.775557561562891351e-17 -1.916766337626273076e-02 7.266738550268293795e-02
1.490777987167568212e-18 -2.602085213965210642e-18 -6.938893903907228378e-18 -6.938893903907228378e-18 2.775557561562891351e-17 4.336808689942017736e-18 1.387778780781445676e-17 -2.775557561562891351e-17 -1.927563929465477693e-02 6.881912197738558612e-02
3.279711571768650143e-18 1.301042606982605321e-18 -6.938893903907228378e-18 -1.734723475976807094e-17 1.387778780781445676e-17 3.035766082959412415e-18 1.387778780781445676e-17 -1.387778780781445676e-17 -1.937771091130336548e-02 6.494977853584492367e-02
3.469446951953613418e-18 8.673617379884035472e-19 5.637851296924623057e-18 -1.734723475976807094e-17 1.387778780781445676e-17 3.469446951953614189e-18 1.387778780781445676e-17 -6.938893903907228378e-18 -1.947384696075410426e-02 6.106054039276901518e-02
-7.724940478959217166e-19 -1.301042606982605321e-18 1.301042606982605321e-18 -6.938893903907228378e-18 2.428612866367529932e-17 1.257674520083185143e-17 1.387778780781445676e-17 -6.938893903907228378e-18 -1.956401799566979960e-02 5.715259885679503660e-02
5.055092629213663653e-18 -3.469446951953614189e-18 -1.734723475976807094e-18 -1.214306433183764966e-17 1.040834085586084257e-17 2.059984127722458425e-18 2.081668171172168513e-17 -2.428612866367529932e-17 -1.964819639585152489e-02 5.322715096557714687e-02
-6.979551485375432868e-19 -1.474514954580286030e-17 8.944667923005411581e-18 -1.127570259384924611e-17 1.734723475976807094e-17 4.106415728288848044e-18 6.938893903907228378e-18 -6.938893903907228378e-18 -1.972635637669762493e-02 4.928539911912094978e-02
-3.538903653628466046e-18 -6.071532165918824830e-18 -3.686287386450715076e-18 8.673617379884035472e-18 2.081668171172168513e-17 8.836247705756861137e-18 0.000000000000000000e+00 -1.387778780781445676e-17 -1.979847399710293193e-02 4.532855071148117476e-02
5.505714157152950663e-18 -2.602085213965210642e-18 -3.035766082959412415e-18 -5.204170427930421283e-18 1.040834085586084257e-17 -5.421010862427522170e-18 0.000000000000000000e+00 -1.734723475976807094e-17 -1.986452716679137573e-02 4.135781776092692374e-02
5.251604272976660561e-18 -2.602085213965210642e-18 -6.071532165918824830e-18 -5.204170427930421283e-18 1.040834085586084257e-17 4.119968255444916849e-18 6.938893903907228378e-18 -1.040834085586084257e-17 -1.992449565308274800e-02 3.737441653868786573e-02
1.626303258728256266e-18 -6.071532165918824830e-18 5.204170427930421283e-18 -6.938893903907228378e-18 2.081668171172168513e-17 1.734723475976807094e-18 6.938893903907228378e-18 -1.387778780781445676e-17 -1.997836108709027253e-02 3.337956719639593312e-02
5.312590645178970186e-18 -1.734723475976807094e-18 -9.540979117872439019e-18 1.734723475976807094e-18 1.214306433183764966e-17 -9.432558900623888576e-18 6.938893903907228378e-18 -1.387778780781445676e-17 -2.002610696934666382e-02 2.937449339234707649e-02
-3.388131789017200586e-18 -4.336808689942017736e-18 -1.734723475976807094e-18 6.938893903907228378e-18 1.561251128379126385e-17 3.686287386450715076e-18 6.938893903907228378e-18 -8.673617379884035472e-18 -2.006771867485893437e-02 2.536042191668346629e-02
-1.626303258728256170e-19 -9.540979117872439019e-18 -3.469446951953614189e-18 5.421010862427522170e-18 1.214306433183764966e-17 7.372574772901430151e-18 0.000000000000000000e+00 -1.214306433183764966e-17 -2.010318345758701011e-02 2.133858231561270441e-02
-3.144186300207962088e-18 -8.673617379884035472e-18 3.469446951953614189e-18 4.553649124439118623e-18 1.474514954580286030e-17 2.818925648462311528e-18 -6.938893903907228378e-18 1.734723475976807094e-18 -2.013249045434892942e-02 1.731020651479162412e-02
-9.486769009248161872e-19 -5.204170427930421283e-18 5.204170427930421283e-18 -4.445228907190568179e-18 1.040834085586084257e-17 -1.084202172485504434e-18 0.000000000000000000e+00 -1.040834085586084257e-17 -2.015563068814801156e-02 1.327652844197068152e-02
-1.084202172485504241e-18 -6.938893903907228378e-18 1.734723475976807094e-18 1.301042606982605321e-18 1.561251128379126385e-17 -5.204170427930421283e-18 -1.734723475976807094e-18 -7.806255641895631925e-18 -2.017259707092236565e-02 9.238783649034831499e-03
-9.757819552369537980e-19 -8.673617379884035472e-18 0.000000000000000000e+00 8.673617379884035472e-19 1.647987302177966740e-17 -4.770489558936219510e-18 -3.469446951953614189e-18 -2.602085213965210642e-18 -2.018338440571610520e-02 5.198208933543914216e-03
-1.463672932855430601e-18 -8.673617379884035472e-18 -1.734723475976807094e-18 1.301042606982605321e-18 1.734723475976807094e-17 -1.734723475976807094e-18 -8.673617379884035472e-19 -6.071532165918824830e-18 -2.018798938827187986e-02 1.156041959888610450e-03
6.451002926288749842e-18 -1.040834085586084257e-17 6.938893903907228378e-18 0.000000000000000000e+00 1.214306433183764966e-17 -5.637851296924623057e-18 -6.071532165918824830e-18 6.505213034913026604e-19 -2.018641060804189299e-02 -2.886479119820868459e-03
-3.794707603699264556e-19 -3.469446951953614189e-18 3.469446951953614189e-18 1.734723475976807094e-18 1.257674520083185143e-17 -3.035766082959412415e-18 -4.987329993433320396e-18 1.951563910473907981e-18 -2.017864854862079158e-02 -6.928116045006552093e-03
1.680513367352531488e-18 -1.040834085586084257e-17 6.938893903907228378e-18 -1.734723475976807094e-18 1.279358563532895232e-17 -7.372574772901430151e-18 -6.071532165918824830e-18 -5.204170427930421283e-18 -2.016470558759721893e-02 -1.096763082591353800e-02
2.168404344971008387e-19 0.000000000000000000e+00 0.000000000000000000e+00 5.204170427930421283e-18 6.505213034913026604e-19 -5.637851296924623057e-18 -4.336808689942017736e-18 -8.673617379884035472e-18 -2.014458599582543905e-02 -1.500378612281893717e-02
-4.336808689942016966e-18 -8.673617379884035472e-18 1.387778780781445676e-17 -2.602085213965210642e-18 1.507041019754851163e-17 -3.903127820947815962e-18 -8.673617379884035472e-18 -6.071532165918824830e-18 -2.011829593611763264e-02 -1.903534562504307498e-02
-2.059984127722458039e-18 0.000000000000000000e+00 6.938893903907228378e-18 1.040834085586084257e-17 6.722053469410127491e-18 -1.734723475976807094e-18 -1.387778780781445676e-17 -8.673617379884035472e-18 -2.008584346135549106e-02 -2.306107442963633777e-02
-4.119968255444916079e-18 -1.040834085586084257e-17 1.734723475976807094e-17 8.673617379884035472e-18 1.431146867680865853e-17 -4.770489558936219510e-18 -1.214306433183764966e-17 -5.204170427930421283e-18 -2.004723851202409868e-02 -2.707973941964694070e-02
9.757819552369537980e-19 -6.938893903907228378e-18 0.000000000000000000e+00 5.204170427930421283e-18 1.474514954580286030e-17 -6.071532165918824830e-18 -3.469446951953614189e-18 -6.938893903907228378e-18 -2.000249291316679931e-02 -3.109010964183051007e-02
5.421010862427521207e-19 -1.561251128379126385e-17 6.938893903907228378e-18 5.204170427930421283e-18 1.301042606982605321e-17 -1.387778780781445676e-17 -1.734723475976807094e-17 0.000000000000000000e+00 -1.995162037076296871e-02 -3.509095668370431492e-02
-8.673617379884033546e-19 -5.204170427930421283e-18 0.000000000000000000e+00 2.775557561562891351e-17 9.540979117872439019e-18 -1.170938346284344789e-17 -1.387778780781445676e-17 0.000000000000000000e+00 -1.989463646753022313e-02 -3.908105504982486988e-02
3.469446951953613418e-18 -8.673617379884035472e-18 1.387778780781445676e-17 1.040834085586084257e-17 1.040834085586084257e-17 -2.211772431870429045e-17 -1.734723475976807094e-17 0.000000000000000000e+00 -1.983155865815069974e-02 -4.305918253716305155e-02
-4.336808689942016773e-19 -1.040834085586084257e-17 0.000000000000000000e+00 6.938893903907228378e-18 1.561251128379126385e-17 -1.387778780781445676e-17 -1.387778780781445676e-17 1.387778780781445676e-17 -1.976240626392506208e-02 -4.702412060947628453e-02
5.204170427930419742e-18 -1.214306433183764966e-17 1.040834085586084257e-17 2.081668171172168513e-17 1.734723475976807094e-18 -6.938893903907228378e-18 -6.938893903907228378e-18 0.000000000000000000e+00 -1.968720046685368957e-02 -5.097465477055884708e-02
-9.757819552369537980e-19 -6.938893903907228378e-18 2.081668171172168513e-17 3.469446951953614189e-18 1.387778780781445676e-17 -3.469446951953614189e-18 -1.387778780781445676e-17 6.938893903907228378e-18 -1.960596430314895042e-02 -5.490957493625438918e-02
-1.843143693225357153e-18 -6.938893903907228378e-18 6.938893903907228378e-18 3.469446951953614189e-18 1.561251128379126385e-17 -8.673617379884035472e-18 -2.775557561562891351e-17 -3.469446951953614189e-18 -1.951872265617856511e-02 -5.882767580511351346e-02
3.469446951953613418e-18 -1.214306433183764966e-17 2.775557561562891351e-17 1.387778780781445676e-17 1.040834085586084257e-17 -1.301042606982605321e-17 -2.081668171172168513e-17 -3.469446951953614189e-18 -1.942550224884420987e-02 -6.272775722758633377e-02
-4.770489558936218739e-18 -1.387778780781445676e-17 6.938893903907228378e-18 3.469446951953614189e-18 0.000000000000000000e+00 -1.387778780781445676e-17 -1.387778780781445676e-17 1.040834085586084257e-17 -1.932633163539514143e-02 -6.660862457364445655e-02
4.336808689942016773e-19 6.938893903907228378e-18 1.387778780781445676e-17 1.734723475976807094e-17 1.387778780781445676e-17 -1.387778780781445676e-17 -2.081668171172168513e-17 0.000000000000000000e+00 -1.922124119268264070e-02 -7.046908909870129578e-02
1.843143693225357153e-18 0.000000000000000000e+00 3.469446951953614189e-17 6.938893903907228378e-18 8.673617379884035472e-18 8.673617379884035472e-19 -3.469446951953614189e-17 2.081668171172168513e-17 -1.911026311085474438e-02 -7.430796830774100137e-02
7.589415207398529112e-19 -1.387778780781445676e-17 2.081668171172168513e-17 6.938893903907228378e-18 5.204170427930421283e-18 -5.204170427930421283e-18 -2.081668171172168513e-17 1.387778780781445676e-17 -1.899343138349648269e-02 -7.812408631752162935e-02
-6.071532165918823290e-18 -2.081668171172168513e-17 3.469446951953614189e-17 3.469446951953614189e-18 1.734723475976807094e-18 -3.469446951953614189e-17 -2.081668171172168513e-17 0.000000000000000000e+00 -1.887078179721701776e-02 -8.191627421676214715e-02
-2.493664996716659813e-18 -1.040834085586084257e-17 1.387778780781445676e-17 1.734723475976807094e-17 -1.734723475976807094e-18 -8.673617379884035472e-19 -4.163336342344337027e-17 2.081668171172168513e-17 -1.874235192068827993e-02 -8.568337042419002514e-02
-3.577867169202163862e-18 -6.938893903907228378e-18 1.387778780781445676e-17 3.469446951953614189e-18 3.469446951953614189e-18 -1.561251128379126385e-17 -1.387778780781445676e-17 -6.938893903907228378e-18 -1.860818109313681912e-02 -8.942422104434370744e-02
-5.421010862427520629e-18 -6.938893903907228378e-18 2.775557561562891351e-17 -6.938893903907228378e-18 -6.938893903907228378e-18 -1.821459649775647449e-17 -4.163336342344337027e-17 6.938893903907228378e-18 -1.846831041229437392e-02 -9.313768022102089650e-02
-7.589415207398529112e-19 -1.387778780781445676e-17 1.387778780781445676e-17 6.938893903907228378e-18 1.040834085586084257e-17 -1.994931997373328159e-17 -5.551115123125782702e-17 1.387778780781445676e-17 -1.832278272180887235e-02 -9.682261048826439065e-02
-1.084202172485504193e-19 -1.387778780781445676e-17 2.081668171172168513e-17 2.081668171172168513e-17 2.081668171172168513e-17 -2.428612866367529932e-17 -2.775557561562891351e-17 -1.387778780781445676e-17 -1.817164259812133198e-02 -1.004778831187791016e-01
3.903127820947815192e-18 -6.938893903907228378e-18 2.081668171172168513e-17 6.938893903907228378e-18 2.081668171172168513e-17 -1.387778780781445676e-17 -1.387778780781445676e-17 6.938893903907228378e-18 -1.801493633681141085e-02 -1.041023784696719912e-01
-2.168404344971008483e-18 -1.040834085586084257e-17 2.081668171172168513e-17 4.510281037539698445e-17 -1.387778780781445676e-17 -4.510281037539698445e-17 0.000000000000000000e+00 6.938893903907228378e-18 -1.785271193841693818e-02 -1.076949863254063749e-01
-8.673617379884033931e-18 -1.040834085586084257e-17 1.387778780781445676e-17 3.469446951953614189e-18 0.000000000000000000e+00 -2.775557561562891351e-17 -4.163336342344337027e-17 0.000000000000000000e+00 -1.768501909373060982e-02 -1.112546062378715478e-01
-2.168404344971008387e-19 -2.428612866367529932e-17 6.938893903907228378e-18 4.857225732735059864e-17 -6.938893903907228378e-18 -3.729655473350135253e-17 -4.163336342344337027e-17 0.000000000000000000e+00 -1.751190916857961119e-02 -1.147801478634619676e-01
2.168404344971008483e-18 -1.387778780781445676e-17 -6.938893903907228378e-18 2.428612866367529932e-17 1.040834085586084257e-17 -2.081668171172168513e-17 1.387778780781445676e-17 -6.938893903907228378e-18 -1.733343518809149844e-02 -1.182705312970582234e-01
1.301042606982604936e-18 -1.734723475976807094e-17 2.775557561562891351e-17 2.775557561562891351e-17 -3.469446951953614189e-18 -3.642919299551294898e-17 -1.387778780781445676e-17 -1.387778780781445676e-17 -1.714965182045231906e-02 -1.217246874028098530e-01
-4.336808689942016773e-19 -6.938893903907228378e-18 6.938893903907228378e-18 6.245004513516505540e-17 -3.469446951953614189e-18 -2.255140518769849223e-17 -5.551115123125782702e-17 0.000000000000000000e+00 -1.696061536016106597e-02 -1.251415581416249478e-01
1.517883041479705822e-18 1.040834085586084257e-17 2.775557561562891351e-17 4.857225732735059864e-17 3.469446951953614189e-18 -2.428612866367529932e-17 -2.775557561562891351e-17 0.000000000000000000e+00 -1.676638371078628675e-02 -1.285200968952530387e-01
6.505213034913024678e-19 -1.734723475976807094e-17 1.387778780781445676e-17 2.081668171172168513e-17 1.734723475976807094e-17 -3.903127820947815962e-17 -2.775557561562891351e-17 1.387778780781445676e-17 -1.656701636722984067e-02 -1.318592687868760938e-01
4.987329993433319626e-18 -2.081668171172168513e-17 1.387778780781445676e-17 1.387778780781445676e-17 1.387778780781445676e-17 -2.949029909160572061e-17 -4.163336342344337027e-17 2.775557561562891351e-17 -1.636257439750274378e-02 -1.351580509981011036e-01
5.637851296924621516e-18 -2.428612866367529932e-17 2.775557561562891351e-17 6.938893903907228378e-18 1.734723475976807094e-17 -4.076600168545496672e-17 -5.551115123125782702e-17 2.775557561562891351e-17 -1.615312042401974985e-02 -1.384154330822567613e-01
9.107298248878235705e-18 0.000000000000000000e+00 0.000000000000000000e+00 3.469446951953614189e-17 6.938893903907228378e-18 -2.602085213965210642e-18 -2.775557561562891351e-17 0.000000000000000000e+00 -1.593871860441749971e-02 -1.416304172739028533e-01
-5.854691731421722403e-18 0.000000000000000000e+00 3.469446951953614189e-17 2.775557561562891351e-17 -6.938893903907228378e-18 -5.204170427930421283e-18 -6.938893903907228378e-17 4.163336342344337027e-17 -1.571943461190226238e-02 -1.448020187944557002e-01
-5.204170427930419742e-18 -3.469446951953614189e-18 1.387778780781445676e-17 0.000000000000000000e+00 6.938893903907228378e-18 -2.688821387764050996e-17 -4.163336342344337027e-17 0.000000000000000000e+00 -1.549533561513398092e-02 -1.479292661538339215e-01
-1.301042606982604936e-18 3.469446951953614189e-18 0.000000000000000000e+00 2.775557561562891351e-17 -1.040834085586084257e-17 -1.214306433183764966e-17 -4.163336342344337027e-17 0.000000000000000000e+00 -1.526649025765152226e-02 -1.510112014480352316e-01
-5.421010862427520629e-18 -3.469446951953614189e-18 0.000000000000000000e+00 4.857225732735059864e-17 1.387778780781445676e-17 -9.540979117872439019e-18 -5.551115123125782702e-17 4.163336342344337027e-17 -1.503296863684704457e-02 -1.540468806525492895e-01
5.637851296924621516e-18 -1.040834085586084257e-17 2.775557561562891351e-17 4.163336342344337027e-17 -2.081668171172168513e-17 -4.076600168545496672e-17 -2.775557561562891351e-17 -1.387778780781445676e-17 -1.479484228249387454e-02 -1.570353739115234459e-01
-1.170938346284344481e-17 -1.040834085586084257e-17 1.387778780781445676e-17 4.857225732735059864e-17 -3.469446951953614189e-18 -8.673617379884035472e-18 -2.775557561562891351e-17 4.163336342344337027e-17 -1.455218413483685275e-02 -1.599757658225836321e-01
0.000000000000000000e+00 -3.122502256758252770e-17 2.081668171172168513e-17 6.938893903907228378e-17 1.387778780781445676e-17 -5.551115123125782702e-17 -5.551115123125782702e-17 6.938893903907228378e-17 -1.430506852224999390e-02 -1.628671557172337025e-01
-6.505213034913024678e-19 -1.734723475976807094e-17 2.081668171172168513e-17 -6.938893903907228378e-18 2.081668171172168513e-17 1.734723475976807094e-17 -4.163336342344337027e-17 5.551115123125782702e-17 -1.405357113846869219e-02 -1.657086579367331447e-01
1.517883041479705822e-18 -3.122502256758252770e-17 6.938893903907228378e-18 1.387778780781445676e-17 -2.081668171172168513e-17 -4.510281037539698445e-17 0.000000000000000000e+00 2.775557561562891351e-17 -1.379776901940438574e-02 -1.684994021033865697e-01
-1.301042606982604936e-18 -6.938893903907228378e-18 1.387778780781445676e-17 4.163336342344337027e-17 -1.387778780781445676e-17 -3.295974604355933479e-17 -5.551115123125782702e-17 4.163336342344337027e-17 -1.353774051954754684e-02 -1.712385333871468684e-01
-2.168404344971008483e-18 -6.938893903907228378e-18 1.387778780781445676e-17 4.857225732735059864e-17 1.387778780781445676e-17 -3.295974604355933479e-17 -5.551115123125782702e-17 4.163336342344337027e-17 -1.327356528796741833e-02 -1.739252127674573711e-01
-1.517883041479705822e-18 -1.387778780781445676e-17 1.387778780781445676e-17 3.469446951953614189e-17 6.938893903907228378e-18 -2.602085213965210642e-17 0.000000000000000000e+00 2.775557561562891351e-17 -1.300532424391421041e-02 -1.765586172902509354e-01
2.602085213965209871e-18 -2.081668171172168513e-17 0.000000000000000000e+00 4.163336342344337027e-17 1.387778780781445676e-17 -1.214306433183764966e-17 -5.551115123125782702e-17 4.163336342344337027e-17 -1.273309955203308710e-02 -1.791379403200291098e-01
-1.951563910473907596e-18 -4.857225732735059864e-17 1.387778780781445676e-17 3.469446951953614189e-17 1.387778780781445676e-17 -3.642919299551294898e-17 -2.775557561562891351e-17 8.326672684688674053e-17 -1.245697459719649972e-02 -1.816623917869411298e-01
-4.770489558936218739e-18 -2.081668171172168513e-17 5.551115123125782702e-17 2.775557561562891351e-17 6.938893903907228378e-18 -3.642919299551294898e-17 -5.551115123125782702e-17 2.775557561562891351e-17 -1.217703395896251387e-02 -1.841311984287893888e-01
1.084202172485504241e-18 -4.510281037539698445e-17 4.163336342344337027e-17 4.163336342344337027e-17 -2.081668171172168513e-17 -5.898059818321144121e-17 -8.326672684688674053e-17 2.775557561562891351e-17 -1.189336338566717235e-02 -1.865436040278872776e-01
4.119968255444916079e-18 -2.775557561562891351e-17 1.387778780781445676e-17 4.163336342344337027e-17 -1.387778780781445676e-17 -7.285838599102589797e-17 -2.775557561562891351e-17 -1.387778780781445676e-17 -1.160604976815942171e-02 -1.888988696426949776e-01
4.987329993433319626e-18 -1.387778780781445676e-17 6.938893903907228378e-17 -2.081668171172168513e-17 -6.938893903907228378e-18 -3.989863994746656317e-17 -5.551115123125782702e-17 1.387778780781445676e-17 -1.131518111318536093e-02 -1.911962738341624335e-01
3.903127820947815192e-18 -1.040834085586084257e-17 1.387778780781445676e-17 1.387778780781445676e-17 -6.938893903907228378e-18 5.204170427930421283e-18 -5.551115123125782702e-17 5.551115123125782702e-17 -1.102084651643086069e-02 -1.934351128867171921e-01
-2.602085213965209871e-18 1.734723475976807094e-17 -1.387778780781445676e-17 6.245004513516505540e-17 -3.469446951953614189e-17 -3.469446951953614189e-18 -8.326672684688674053e-17 1.387778780781445676e-17 -1.072313613523135159e-02 -1.956147010238137030e-01
8.890457814381134818e-18 -3.469446951953614189e-18 2.775557561562891351e-17 4.163336342344337027e-17 -1.387778780781445676e-17 -1.040834085586084257e-17 -2.775557561562891351e-17 1.387778780781445676e-17 -1.042214116095501256e-02 -1.977343706179950367e-01
3.035766082959411645e-18 -1.734723475976807094e-17 1.387778780781445676e-17 4.857225732735059864e-17 -6.938893903907228378e-18 1.734723475976807094e-18 -5.551115123125782702e-17 4.163336342344337027e-17 -1.011795379107061424e-02 -1.997934723953932734e-01
-4.336808689942016966e-18 -1.387778780781445676e-17 -5.551115123125782702e-17 5.551115123125782702e-17 0.000000000000000000e+00 0.000000000000000000e+00 -8.326672684688674053e-17 2.775557561562891351e-17 -9.810667200906370011e-03 -2.017913756346079723e-01
1.951563910473907596e-18 -1.734723475976807094e-17 2.775557561562891351e-17 6.938893903907228378e-17 6.938893903907228378e-18 -1.387778780781445676e-17 -2.775557561562891351e-17 2.775557561562891351e-17 -9.500375515109606150e-03 -2.037274683599008263e-01
-1.734723475976806709e-18 -3.469446951953614189e-18 2.775557561562891351e-17 2.081668171172168513e-17 1.387778780781445676e-17 -1.561251128379126385e-17 -5.551115123125782702e-17 2.775557561562891351e-17 -9.187173778815498071e-03 -2.056011575286511850e-01
-1.951563910473907596e-18 -1.734723475976807094e-17 0.000000000000000000e+00 4.163336342344337027e-17 -2.081668171172168513e-17 -5.204170427930421283e-17 -2.775557561562891351e-17 0.000000000000000000e+00 -8.871157928533657255e-03 -2.074118692130086372e-01
-2.168404344971008387e-19 1.040834085586084257e-17 1.387778780781445676e-17 7.632783294297951215e-17 0.000000000000000000e+00 -5.030698080332740574e-17 2.775557561562891351e-17 0.000000000000000000e+00 -8.552424762762550481e-03 -2.091590487756926631e-01
6.505213034913024678e-19 -2.081668171172168513e-17 0.000000000000000000e+00 2.081668171172168513e-17 -6.938893903907228378e-18 -6.071532165918824830e-17 -5.551115123125782702e-17 2.775557561562891351e-17 -8.231071912338371044e-03 -2.108421610398835411e-01
4.336808689942016966e-18 6.938893903907228378e-18 6.938893903907228378e-17 6.245004513516505540e-17 6.938893903907228378e-18 -6.245004513516505540e-17 -5.551115123125782702e-17 2.775557561562891351e-17 -7.907197810530529336e-03 -2.124606904531516349e-01
1.387778780781445367e-17 -3.469446951953614189e-18 4.163336342344337027e-17 4.857225732735059864e-17 -2.081668171172168513e-17 -4.163336342344337027e-17 -5.551115123125782702e-17 2.775557561562891351e-17 -7.580901662890382475e-03 -2.140141412453744341e-01
1.257674520083184835e-17 3.469446951953614189e-18 4.163336342344337027e-17 5.551115123125782702e-17 0.000000000000000000e+00 -4.857225732735059864e-17 -5.551115123125782702e-17 2.775557561562891351e-17 -7.252283416863770926e-03 -2.155020375805984933e-01
-6.071532165918823290e-18 -2.081668171172168513e-17 2.775557561562891351e-17 3.469446951953614189e-17 -1.387778780781445676e-17 -2.775557561562891351e-17 -2.775557561562891351e-17 5.551115123125782702e-17 -6.921443731176236958e-03 -2.169239237027888179e-01
3.903127820947815192e-18 -1.387778780781445676e-17 5.551115123125782702e-17 6.245004513516505540e-17 -6.938893903907228378e-18 -4.163336342344337027e-17 -5.551115123125782702e-17 0.000000000000000000e+00 -6.588483944999758146e-03 -2.182793640754332187e-01
8.456776945386933045e-18 3.469446951953614189e-18 -1.387778780781445676e-17 4.857225732735059864e-17 -2.081668171172168513e-17 -5.030698080332740574e-17 -5.551115123125782702e-17 5.551115123125782702e-17 -6.253506046912785110e-03 -2.195679435149507364e-01
4.336808689942016773e-19 6.938893903907228378e-18 4.163336342344337027e-17 6.938893903907228378e-17 -6.938893903907228378e-18 -6.938893903907228378e-18 -8.326672684688674053e-17 4.163336342344337027e-17 -5.916612643659453774e-03 -2.207892673178652732e-01
-4.336808689942016773e-19 0.000000000000000000e+00 2.775557561562891351e-17 2.081668171172168513e-17 -2.081668171172168513e-17 -7.632783294297951215e-17 -8.326672684688674053e-17 5.551115123125782702e-17 -5.577906928720156865e-03 -2.219429613817070490e-01
6.071532165918823290e-18 0.000000000000000000e+00 1.387778780781445676e-17 7.632783294297951215e-17 -1.387778780781445676e-17 -3.122502256758252770e-17 -5.551115123125782702e-17 2.775557561562891351e-17 -5.237492650702932351e-03 -2.230286723196045484e-01
1.084202172485504126e-17 -1.734723475976807094e-17 1.387778780781445676e-17 5.551115123125782702e-17 -2.775557561562891351e-17 -4.510281037539698445e-17 -5.551115123125782702e-17 2.775557561562891351e-17 -4.895474081563745694e-03 -2.240460675685291003e-01
-2.818925648462310758e-18 -1.040834085586084257e-17 5.551115123125782702e-17 7.632783294297951215e-17 -2.775557561562891351e-17 -5.551115123125782702e-17 -5.551115123125782702e-17 9.714451465470119729e-17 -4.551955984667767352e-03 -2.249948354911620874e-01
-1.084202172485504126e-17 1.387778780781445676e-17 2.775557561562891351e-17 2.081668171172168513e-17 -2.775557561562891351e-17 -2.081668171172168513e-17 -1.387778780781445676e-16 1.387778780781445676e-17 -4.207043582698667683e-03 -2.258746854713524765e-01
8.673617379884033546e-19 -6.938893903907228378e-18 5.551115123125782702e-17 3.469446951953614189e-17 6.938893903907228378e-18 -3.816391647148975608e-17 -8.326672684688674053e-17 5.551115123125782702e-17 -3.860842525428252736e-03 -2.266853480031356949e-01
-4.119968255444916079e-18 0.000000000000000000e+00 0.000000000000000000e+00 4.163336342344337027e-17 -6.938893903907228378e-18 -1.561251128379126385e-17 0.000000000000000000e+00 4.163336342344337027e-17 -3.513458857355503118e-03 -2.274265747732834297e-01
-2.168404344971008387e-19 2.428612866367529932e-17 -2.775557561562891351e-17 5.551115123125782702e-17 -3.469446951953614189e-17 -2.081668171172168513e-17 -2.775557561562891351e-17 0.000000000000000000e+00 -3.164998985223370365e-03 -2.280981387373680613e-01
-2.818925648462310758e-18 -6.938893903907228378e-18 4.163336342344337027e-17 1.110223024625156540e-16 -2.081668171172168513e-17 -3.989863994746656317e-17 -5.551115123125782702e-17 5.551115123125782702e-17 -2.815569645425675116e-03 -2.286998341893049513e-01
3.903127820947815192e-18 -1.734723475976807094e-17 -1.387778780781445676e-17 1.110223024625156540e-16 0.000000000000000000e+00 -8.673617379884035472e-18 -1.387778780781445676e-16 4.163336342344337027e-17 -2.465277871313294178e-03 -2.292314768243630119e-01
-6.071532165918823290e-18 2.428612866367529932e-17 4.163336342344337027e-17 3.469446951953614189e-17 -2.081668171172168513e-17 -1.561251128379126385e-17 -8.326672684688674053e-17 0.000000000000000000e+00 -2.114230960408330917e-03 -2.296929037956198794e-01
-6.722053469410125950e-18 -1.734723475976807094e-17 5.551115123125782702e-17 1.387778780781445676e-17 6.938893903907228378e-18 -7.459310946700270506e-17 -8.326672684688674053e-17 5.551115123125782702e-17 -1.762536441537836118e-03 -2.300839737638438187e-01
-5.854691731421722403e-18 -4.510281037539698445e-17 1.387778780781445676e-17 3.469446951953614189e-17 3.469446951953614189e-17 -5.204170427930421283e-17 -5.551115123125782702e-17 2.775557561562891351e-17 -1.410302041897563974e-03 -2.304045669407836783e-01
-4.336808689942016966e-18 -1.387778780781445676e-17 4.163336342344337027e-17 6.245004513516505540e-17 -1.387778780781445676e-17 -5.898059818321144121e-17 -5.551115123125782702e-17 4.163336342344337027e-17 -1.057635654052806184e-03 -2.306545851258653412e-01
-4.119968255444916079e-18 -3.469446951953614189e-18 4.163336342344337027e-17 2.081668171172168513e-17 -6.938893903907228378e-18 -8.326672684688674053e-17 0.000000000000000000e+00 0.000000000000000000e+00 -7.046453028916460637e-04 -2.308339517362694160e-01
1.517883041479705822e-18 6.938893903907228378e-18 5.551115123125782702e-17 1.387778780781445676e-17 0.000000000000000000e+00 -1.387778780781445676e-17 -2.775557561562891351e-17 1.387778780781445676e-17 -3.514391125341506661e-04 -2.309426118303897213e-01
-1.084202172485504241e-18 -6.938893903907228378e-18 2.775557561562891351e-17 6.245004513516505540e-17 -3.469446951953614189e-17 -1.908195823574487804e-17 -5.551115123125782702e-17 4.163336342344337027e-17 1.874726785491831471e-06 -2.309805321246601595e-01
6.071532165918823290e-18 0.000000000000000000e+00 1.387778780781445676e-17 8.326672684688674053e-17 -6.938893903907228378e-18 -3.295974604355933479e-17 -8.326672684688674053e-17 5.551115123125782702e-17 3.551879918594763597e-04 -2.309477010037554734e-01
-6.288372600415924176e-18 6.938893903907228378e-18 2.775557561562891351e-17 4.163336342344337027e-17 -3.469446951953614189e-17 -3.469446951953614189e-17 -8.326672684688674053e-17 5.551115123125782702e-17 7.083924596556698261e-04 -2.308441285241430441e-01
-1.951563910473907596e-18 1.734723475976807094e-17 4.163336342344337027e-17 9.714451465470119729e-17 -2.775557561562891351e-17 -5.030698080332740574e-17 -5.551115123125782702e-17 4.163336342344337027e-17 1.061379940467975513e-03 -2.306698464110035762e-01
3.252606517456512532e-18 -1.734723475976807094e-17 4.163336342344337027e-17 7.632783294297951215e-17 -5.551115123125782702e-17 -1.908195823574487804e-17 -2.775557561562891351e-17 6.938893903907228378e-17 1.414042311055095646e-03 -2.304249080485177570e-01
-8.890457814381134818e-18 -3.469446951953614189e-18 1.387778780781445676e-17 6.938893903907228378e-18 -1.387778780781445676e-17 -6.938893903907228378e-18 -8.326672684688674053e-17 4.163336342344337027e-17 1.766271547759934446e-03 -2.301093884635095344e-01
1.734723475976806709e-18 -2.428612866367529932e-17 4.163336342344337027e-17 6.245004513516505540e-17 -4.163336342344337027e-17 -5.898059818321144121e-17 -8.326672684688674053e-17 0.000000000000000000e+00 2.117959759597824732e-03 -2.297233843024666100e-01
-2.385244779468109370e-18 -1.734723475976807094e-17 2.775557561562891351e-17 6.938893903907228378e-18 6.938893903907228378e-18 -5.724587470723463412e-17 -5.551115123125782702e-17 2.775557561562891351e-17 2.468999221305896719e-03 -2.292670138019365367e-01
2.818925648462310758e-18 -1.734723475976807094e-17 1.387778780781445676e-17 2.775557561562891351e-17 -2.775557561562891351e-17 -4.336808689942017736e-17 -2.775557561562891351e-17 1.387778780781445676e-17 2.819282406337907110e-03 -2.287404167523095500e-01
2.602085213965209871e-18 -2.081668171172168513e-17 5.551115123125782702e-17 2.081668171172168513e-17 -2.775557561562891351e-17 -4.857225732735059864e-17 -8.326672684688674053e-17 4.163336342344337027e-17 3.168702019803709691e-03 -2.281437544549994589e-01
1.105886215935214215e-17 1.040834085586084257e-17 1.387778780781445676e-17 5.551115123125782702e-17 -5.551115123125782702e-17 -2.081668171172168513e-17 -2.775557561562891351e-17 5.551115123125782702e-17 3.517151031330788269e-03 -2.274772096730373616e-01
1.734723475976806709e-18 -1.040834085586084257e-17 4.163336342344337027e-17 6.938893903907228378e-18 -4.163336342344337027e-17 -5.551115123125782702e-17 -5.551115123125782702e-17 5.551115123125782702e-17 3.864522707852549588e-03 -2.267409865750861508e-01
-7.372574772901428611e-18 -2.428612866367529932e-17 4.163336342344337027e-17 2.775557561562891351e-17 -6.938893903907228378e-18 -5.377642775528101993e-17 -8.326672684688674053e-17 5.551115123125782702e-17 4.210710646298902737e-03 -2.259353106729045935e-01
-6.722053469410125950e-18 -1.040834085586084257e-17 4.163336342344337027e-17 4.857225732735059864e-17 -2.775557561562891351e-17 -1.214306433183764966e-17 -5.551115123125782702e-17 6.938893903907228378e-17 4.555608806189513638e-03 -2.250604287522711688e-01
-4.119968255444916079e-18 -2.081668171172168513e-17 5.551115123125782702e-17 0.000000000000000000e+00 -6.938893903907228378e-18 -4.336808689942017736e-17 -5.551115123125782702e-17 4.163336342344337027e-17 4.899111542114836793e-03 -2.241166087973889554e-01
-5.421010862427520629e-18 -3.469446951953614189e-18 1.387778780781445676e-17 4.163336342344337027e-17 -4.857225732735059864e-17 -6.418476861114186249e-17 -5.551115123125782702e-17 -1.387778780781445676e-17 5.241113636096333961e-03 -2.231041399088026234e-01
2.818925648462310758e-18 -6.938893903907228378e-18 1.387778780781445676e-17 9.714451465470119729e-17 -4.163336342344337027e-17 -4.336808689942017736e-17 -5.551115123125782702e-17 4.163336342344337027e-17 5.581510329815554672e-03 -2.220233322148411625e-01
-1.301042606982604936e-18 1.040834085586084257e-17 0.000000000000000000e+00 0.000000000000000000e+00 -1.387778780781445676e-17 -3.642919299551294898e-17 -8.326672684688674053e-17 0.000000000000000000e+00 5.920197356702683322e-03 -2.208745167766263673e-01
-2.602085213965209871e-18 -1.387778780781445676e-17 2.775557561562891351e-17 2.081668171172168513e-17 6.938893903907228378e-18 -1.734723475976807094e-17 -8.326672684688674053e-17 9.714451465470119729e-17 6.257070973873880837e-03 -2.196580454866624288e-01
2.818925648462310758e-18 -3.469446951953614189e-17 1.387778780781445676e-17 6.245004513516505540e-17 1.387778780781445676e-17 -3.642919299551294898e-17 -2.775557561562891351e-17 5.551115123125782702e-17 6.592027993909628514e-03 -2.183742909610513205e-01
6.938893903907226837e-18 0.000000000000000000e+00 2.775557561562891351e-17 7.632783294297951215e-17 -6.938893903907228378e-18 -3.816391647148975608e-17 -5.551115123125782702e-17 5.551115123125782702e-17 6.924965816460688928e-03 -2.170236464253542663e-01
3.469446951953613418e-18 -6.938893903907228378e-18 4.163336342344337027e-17 4.857225732735059864e-17 -2.775557561562891351e-17 -7.459310946700270506e-17 -5.551115123125782702e-17 4.163336342344337027e-17 7.255782459676632379e-03 -2.156065255941435055e-01
-1.886511780124777407e-17 -2.081668171172168513e-17 1.387778780781445676e-17 1.387778780781445676e-17 -2.775557561562891351e-17 -5.724587470723463412e-17 -8.326672684688674053e-17 2.775557561562891351e-17 7.584376591443266202e-03 -2.141233625442806321e-01
1.734723475976806709e-18 -6.938893903907228378e-18 4.163336342344337027e-17 6.245004513516505540e-17 -6.245004513516505540e-17 -5.551115123125782702e-17 -8.326672684688674053e-17 6.938893903907228378e-17 7.910647560421486812e-03 -2.125746115819519277e-01
-7.155734338404327724e-18 -2.081668171172168513e-17 2.081668171172168513e-17 6.245004513516505540e-17 -1.387778780781445676e-17 -3.035766082959412415e-17 -5.551115123125782702e-17 9.714451465470119729e-17 8.234495426877909419e-03 -2.109607471035126747e-01
3.469446951953613418e-18 0.000000000000000000e+00 6.938893903907228378e-18 4.857225732735059864e-17 -4.163336342344337027e-17 1.734723475976807094e-18 -2.775557561562891351e-17 6.938893903907228378e-17 8.555820993297470756e-03 -2.092822634501712298e-01
8.023096076392731271e-18 0.000000000000000000e+00 -2.775557561562891351e-17 5.551115123125782702e-17 -2.775557561562891351e-17 -1.387778780781445676e-17 -2.775557561562891351e-17 2.775557561562891351e-17 8.874525834768109966e-03 -2.075396747565731170e-01
5.421010862427520629e-18 -1.040834085586084257e-17 2.775557561562891351e-17 -1.387778780781445676e-17 -5.551115123125782702e-17 -5.898059818321144121e-17 -8.326672684688674053e-17 6.938893903907228378e-17 9.190512329129339741e-03 -2.057335147933145869e-01
2.385244779468109370e-18 1.387778780781445676e-17 2.081668171172168513e-17 -4.163336342344337027e-17 -4.857225732735059864e-17 -4.336808689942017736e-17 -5.551115123125782702e-17 2.775557561562891351e-17 9.503683686874785097e-03 -2.038643368034415981e-01
9.540979117872437479e-18 -1.908195823574487804e-17 1.387778780781445676e-17 2.081668171172168513e-17 -3.469446951953614189e-17 -4.770489558936219510e-17 -2.775557561562891351e-17 4.163336342344337027e-17 9.813943980800161893e-03 -2.019327133329903989e-01
7.372574772901428611e-18 1.214306433183764966e-17 2.081668171172168513e-17 2.775557561562891351e-17 -1.387778780781445676e-17 -1.908195823574487804e-17 -5.551115123125782702e-17 2.775557561562891351e-17 1.012119817538597449e-02 -1.999392360556084824e-01
-9.757819552369538365e-18 -3.122502256758252770e-17 6.938893903907228378e-18 2.775557561562891351e-17 -3.469446951953614189e-17 -3.642919299551294898e-17 -2.775557561562891351e-17 5.551115123125782702e-17 1.042535215590771960e-02 -1.978845155913225851e-01
5.637851296924621516e-18 -5.204170427930421283e-18 2.775557561562891351e-17 4.857225732735059864e-17 -2.081668171172168513e-17 -4.943961906533900219e-17 -2.775557561562891351e-17 0.000000000000000000e+00 1.072631275726467978e-02 -1.957691813194978592e-01
4.119968255444916079e-18 -1.561251128379126385e-17 1.387778780781445676e-17 4.857225732735059864e-17 -3.469446951953614189e-17 -5.204170427930421283e-18 -2.775557561562891351e-17 2.775557561562891351e-17 1.102398779251719321e-02 -1.935938811860536957e-01
1.951563910473907596e-18 1.214306433183764966e-17 6.938893903907228378e-18 2.775557561562891351e-17 -2.081668171172168513e-17 -1.821459649775647449e-17 -2.775557561562891351e-17 2.775557561562891351e-17 1.131828608112326814e-02 -1.913592815049918738e-01
3.469446951953613418e-18 8.673617379884035472e-18 1.387778780781445676e-17 2.081668171172168513e-17 -2.775557561562891351e-17 -1.474514954580286030e-17 -8.326672684688674053e-17 2.775557561562891351e-17 1.160911747686940373e-02 -1.890660667543001827e-01
-3.686287386450714305e-18 -1.214306433183764966e-17 6.938893903907228378e-18 1.387778780781445676e-17 -4.163336342344337027e-17 -1.908195823574487804e-17 -5.551115123125782702e-17 2.775557561562891351e-17 1.189639289548245424e-02 -1.867149393662904389e-01
0.000000000000000000e+00 -1.214306433183764966e-17 2.081668171172168513e-17 2.775557561562891351e-17 -2.081668171172168513e-17 -4.770489558936219510e-17 -5.551115123125782702e-17 2.775557561562891351e-17 1.218002434191688479e-02 -1.843066195124346551e-01
-5.421010862427520629e-18 1.040834085586084257e-17 2.775557561562891351e-17 6.938893903907228378e-17 -2.775557561562891351e-17 -3.122502256758252770e-17 -8.326672684688674053e-17 5.551115123125782702e-17 1.245992493730902276e-02 -1.818418448827718858e-01
-1.517883041479705822e-18 -1.734723475976807094e-18 2.081668171172168513e-17 6.938893903907228378e-17 -2.775557561562891351e-17 -2.428612866367529932e-17 -5.551115123125782702e-17 4.163336342344337027e-17 1.273600894558783378e-02 -1.793213704599476155e-01
4.336808689942016773e-19 3.469446951953614189e-18 -1.387778780781445676e-17 1.387778780781445676e-17 -1.387778780781445676e-17 -1.734723475976807094e-17 0.000000000000000000e+00 4.163336342344337027e-17 1.300819179973785808e-02 -1.767459682879543581e-01
7.155734338404327724e-18 -1.734723475976807094e-18 6.938893903907228378e-18 4.163336342344337027e-17 0.000000000000000000e+00 9.540979117872439019e-18 -5.551115123125782702e-17 5.551115123125782702e-17 1.327639012770177526e-02 -1.741164272356503784e-01
3.577867169202163862e-18 5.204170427930421283e-18 2.775557561562891351e-17 4.163336342344337027e-17 -1.387778780781445676e-17 -3.556183125752454544e-17 -8.326672684688674053e-17 2.775557561562891351e-17 1.354052177791874659e-02 -1.714335527551174021e-01
-1.192622389734054685e-18 -1.214306433183764966e-17 2.081668171172168513e-17 4.163336342344337027e-17 -1.387778780781445676e-17 -4.510281037539698445e-17 -2.775557561562891351e-17 0.000000000000000000e+00 1.380050584448781412e-02 -1.686981666349470776e-01
4.011548038196365635e-18 -2.081668171172168513e-17 2.081668171172168513e-17 3.469446951953614189e-17 0.000000000000000000e+00 1.214306433183764966e-17 -8.326672684688674053e-17 8.326672684688674053e-17 1.405626269195040315e-02 -1.659111067485196378e-01
-4.336808689942016966e-18 -1.734723475976807094e-18 1.387778780781445676e-17 4.163336342344337027e-17 -1.387778780781445676e-17 -2.081668171172168513e-17 -2.775557561562891351e-17 6.938893903907228378e-17 1.430771397968299066e-02 -1.630732267973530880e-01
8.673617379884033546e-19 2.081668171172168513e-17 0.000000000000000000e+00 4.857225732735059864e-17 -2.775557561562891351e-17 -9.540979117872439019e-18 -4.163336342344337027e-17 4.163336342344337027e-17 1.455478268589368435e-02 -1.601853960496107121e-01
5.312590645178970186e-18 -6.938893903907228378e-18 3.469446951953614189e-17 0.000000000000000000e+00 -2.081668171172168513e-17 -3.469446951953614189e-17 -2.775557561562891351e-17 2.775557561562891351e-17 1.479739313121484004e-02 -1.572484990738325372e-01
-1.626303258728256266e-18 1.734723475976807094e-18 1.387778780781445676e-17 3.469446951953614189e-17 -2.775557561562891351e-17 -2.428612866367529932e-17 0.000000000000000000e+00 1.387778780781445676e-17 1.503547100188420277e-02 -1.542634354679865982e-01
-1.951563910473907596e-18 -1.387778780781445676e-17 6.938893903907228378e-18 2.775557561562891351e-17 -1.387778780781445676e-17 -4.076600168545496672e-17 -2.775557561562891351e-17 4.163336342344337027e-17 1.526894337250822228e-02 -1.512311195839121658e-01
1.084202172485504241e-18 -7.806255641895631925e-18 6.938893903907228378e-18 4.510281037539698445e-17 -4.857225732735059864e-17 -2.515349040166370287e-17 -5.551115123125782702e-17 2.775557561562891351e-17 1.549773872839889030e-02 -1.481524802472470037e-01
2.710505431213760315e-18 8.673617379884035472e-18 1.387778780781445676e-17 4.857225732735059864e-17 -2.081668171172168513e-17 -2.168404344971008868e-17 -2.775557561562891351e-17 4.163336342344337027e-17 1.572178698748015122e-02 -1.450284604729199511e-01
-1.192622389734054685e-18 -5.204170427930421283e-18 6.938893903907228378e-18 4.163336342344337027e-17 -3.469446951953614189e-17 -1.994931997373328159e-17 -5.551115123125782702e-17 2.775557561562891351e-17 1.594101952175468184e-02 -1.418600171762941231e-01
2.493664996716659813e-18 5.204170427930421283e-18 1.734723475976807094e-17 0.000000000000000000e+00 -1.387778780781445676e-17 -5.637851296924623057e-18 -4.163336342344337027e-17 1.387778780781445676e-17 1.615536917832435110e-02 -1.386481208800599829e-01
6.071532165918823290e-18 9.540979117872439019e-18 2.428612866367529932e-17 3.469446951953614189e-18 -3.469446951953614189e-17 -3.339342691255353657e-17 -5.551115123125782702e-17 1.387778780781445676e-17 1.636477029996119548e-02 -1.353937554169491742e-01
1.192622389734054685e-18 5.204170427930421283e-18 -3.469446951953614189e-18 3.816391647148975608e-17 -3.816391647148975608e-17 -1.994931997373328159e-17 -2.775557561562891351e-17 2.775557561562891351e-17 1.656915874521726340e-02 -1.320979176283854917e-01
-5.963111948670272846e-18 8.673617379884035472e-19 2.775557561562891351e-17 2.428612866367529932e-17 -3.816391647148975608e-17 -1.864827736675067626e-17 -4.163336342344337027e-17 5.551115123125782702e-17 1.676847190807342902e-02 -1.287616170591362463e-01
-1.192622389734054685e-18 1.734723475976807094e-18 6.938893903907228378e-18 5.551115123125782702e-17 -4.510281037539698445e-17 -2.081668171172168513e-17 -2.775557561562891351e-17 2.775557561562891351e-17 1.696264873711405413e-02 -1.253858756480831504e-01
-2.710505431213760315e-18 -2.602085213965210642e-18 3.469446951953614189e-18 -3.469446951953614189e-18 -1.387778780781445676e-17 -7.806255641895631925e-18 -2.775557561562891351e-17 4.163336342344337027e-17 1.715162975422970804e-02 -1.219717274151925768e-01
1.301042606982604936e-18 -1.084202172485504434e-17 2.428612866367529932e-17 0.000000000000000000e+00 -1.040834085586084257e-17 -2.905661822261151883e-17 -4.163336342344337027e-17 3.469446951953614189e-17 1.733535707283404004e-02 -1.185202181447865405e-01
-2.818925648462310758e-18 -4.336808689942017736e-19 2.081668171172168513e-17 1.040834085586084257e-17 -3.469446951953614189e-17 -7.806255641895631925e-18 -4.163336342344337027e-17 3.469446951953614189e-17 1.751377441559709772e-02 -1.150324050652085234e-01
-2.493664996716659813e-18 4.336808689942017736e-18 1.040834085586084257e-17 3.469446951953614189e-17 -3.469446951953614189e-17 -1.040834085586084257e-17 -2.775557561562891351e-17 2.775557561562891351e-17 1.768682713168090448e-02 -1.115093565249849761e-01
-6.505213034913024678e-19 6.505213034913026604e-18 2.081668171172168513e-17 1.040834085586084257e-17 -2.775557561562891351e-17 -6.938893903907228378e-18 0.000000000000000000e+00 3.469446951953614189e-17 1.785446221348166787e-02 -1.079521516655824881e-01
-1.680513367352531488e-18 5.637851296924623057e-18 2.775557561562891351e-17 2.428612866367529932e-17 -1.040834085586084257e-17 -2.818925648462311528e-17 -1.387778780781445676e-17 2.775557561562891351e-17 1.801662831286562211e-02 -1.043618800908529265e-01
1.138412281109779463e-18 3.469446951953614189e-18 2.081668171172168513e-17 4.857225732735059864e-17 -2.428612866367529932e-17 -1.561251128379126385e-17 -4.163336342344337027e-17 1.387778780781445676e-17 1.817327575689754379e-02 -1.007396415332838524e-01
1.035413074723656580e-17 -1.951563910473907981e-18 1.387778780781445676e-17 2.428612866367529932e-17 -2.081668171172168513e-17 -6.071532165918824830e-18 -1.387778780781445676e-17 3.469446951953614189e-17 1.832435656305585192e-02 -9.708654551713481740e-02
5.421010862427521207e-19 5.204170427930421283e-18 -1.214306433183764966e-17 4.510281037539698445e-17 -1.734723475976807094e-17 -2.602085213965210642e-18 0.000000000000000000e+00 1.387778780781445676e-17 1.846982445393045152e-02 -9.340371101858326031e-02
-2.168404344971008483e-18 1.675092356490104351e-17 5.204170427930421283e-18 3.469446951953614189e-17 -2.081668171172168513e-17 -3.469446951953614189e-18 -2.775557561562891351e-17 1.387778780781445676e-17 1.860963487139738470e-02 -8.969226612297183376e-02
-2.385244779468109370e-18 3.144186300207962859e-18 3.469446951953614189e-18 6.938893903907228378e-18 -2.081668171172168513e-17 -8.673617379884035472e-19 -2.775557561562891351e-17 1.387778780781445676e-17 1.874374499026792984e-02 -8.595334767926415820e-02
3.252606517456512532e-18 4.336808689942017736e-18 5.204170427930421283e-18 1.734723475976807094e-18 -1.734723475976807094e-17 -8.673617379884035472e-19 0.000000000000000000e+00 1.387778780781445676e-17 1.887211373140610521e-02 -8.218810095182006725e-02
7.101524229780052502e-18 8.673617379884035472e-19 1.734723475976807094e-18 5.204170427930421283e-18 -1.734723475976807094e-17 -1.214306433183764966e-17 -1.387778780781445676e-17 1.387778780781445676e-17 1.899470177431147183e-02 -7.839767926958804423e-02
3.876022766635677581e-18 6.722053469410127491e-18 6.938893903907228378e-18 2.255140518769849223e-17 -1.040834085586084257e-17 -1.040834085586084257e-17 -2.081668171172168513e-17 2.081668171172168513e-17 1.911147156916357531e-02 -7.458324367283432343e-02
-4.689174395999805907e-18 8.023096076392732812e-18 2.602085213965210642e-18 2.081668171172168513e-17 -1.387778780781445676e-17 -1.084202172485504434e-18 0.000000000000000000e+00 1.387778780781445676e-17 1.922238734832365861e-02 -7.074596255749968088e-02
4.878909776184768990e-19 -6.505213034913026604e-18 3.469446951953614189e-18 -3.469446951953614189e-18 -1.040834085586084257e-17 -1.691355389077386917e-17 0.000000000000000000e+00 2.775557561562891351e-17 1.932741513729052327e-02 -6.688701131731585037e-02
2.710505431213760483e-20 4.336808689942017736e-18 -8.673617379884035472e-19 3.122502256758252770e-17 -2.081668171172168513e-17 -5.854691731421723944e-18 -6.938893903907228378e-18 2.081668171172168513e-17 1.942652276510756573e-02 -6.300757198376773227e-02
-3.103528718739755672e-18 1.734723475976807094e-18 8.673617379884035472e-18 6.938893903907228378e-18 -1.040834085586084257e-17 -3.740497495074990297e-18 -2.081668171172168513e-17 2.081668171172168513e-17 1.951967987421667980e-02 -5.910883286402677378e-02
1.260385025514398712e-18 8.673617379884035472e-18 8.673617379884035472e-18 2.775557561562891351e-17 -2.428612866367529932e-17 -7.047314121155778821e-19 -3.469446951953614189e-17 1.734723475976807094e-17 1.960685792975722097e-02 -5.519198817696371190e-02
-6.708500942254056759e-19 8.673617379884035472e-18 4.553649124439118623e-18 1.214306433183764966e-17 -1.387778780781445676e-17 1.870248747537495149e-18 -6.938893903907228378e-18 2.775557561562891351e-17 1.968803022830618865e-02 -5.125823768734632385e-02
5.759824041329241102e-20 4.336808689942017736e-18 7.372574772901430151e-18 1.127570259384924611e-17 -1.561251128379126385e-17 -4.336808689942017736e-18 -1.387778780781445676e-17 1.387778780781445676e-17 1.976317190605851593e-02 -4.730878633834331021e-02
2.430984558619841492e-19 9.540979117872439019e-18 2.168404344971008868e-18 1.994931997373328159e-17 -1.561251128379126385e-17 -1.626303258728256651e-19 -1.387778780781445676e-17 1.387778780781445676e-17 1.983225994644206153e-02 -4.334484388243620145e-02
2.073536654878526845e-18 2.602085213965210642e-18 1.734723475976807094e-18 6.938893903907228378e-18 -1.734723475976807094e-17 -5.095750210681870840e-18 -6.938893903907228378e-18 1.734723475976807094e-17 1.989527318716849402e-02 -3.936762451086435466e-02
2.303929616531696441e-19 3.469446951953614189e-18 -8.673617379884035472e-19 2.602085213965210642e-18 -8.673617379884035472e-18 -2.493664996716660198e-18 0.000000000000000000e+00 1.387778780781445676e-17 1.995219232671522139e-02 -3.537834648170451457e-02
-4.431676380034498604e-18 5.204170427930421283e-18 -1.734723475976807094e-18 4.336808689942017736e-19 -1.908195823574487804e-17 3.252606517456513302e-19 -6.938893903907228378e-18 1.387778780781445676e-17 2.000299993023773801e-02 -3.137823174671038051e-02
5.285485590866833153e-19 1.127570259384924611e-17 -7.806255641895631925e-18 9.540979117872439019e-18 -1.214306433183764966e-17 2.168404344971008868e-18 0.000000000000000000e+00 1.387778780781445676e-17 2.004768043490992926e-02 -2.736850557701498918e-02
2.764715539838035536e-18 6.071532165918824830e-18 -1.734723475976807094e-18 -3.252606517456513302e-18 -2.081668171172168513e-17 -4.336808689942017736e-19 -6.938893903907228378e-18 1.040834085586084257e-17 2.008622015469114716e-02 -2.335039618782043525e-02
5.095750210681870069e-18 3.469446951953614189e-18 1.734723475976807094e-18 3.035766082959412415e-18 -1.561251128379126385e-17 5.854691731421723944e-18 -3.469446951953614189e-18 1.387778780781445676e-17 2.011860728451858246e-02 -1.932513436218468231e-02
-8.483881999699070655e-18 2.602085213965210642e-18 -3.469446951953614189e-18 -1.517883041479706208e-18 -1.387778780781445676e-17 -8.673617379884035472e-19 0.000000000000000000e+00 8.673617379884035472e-18 2.014483190392288292e-02 -1.529395307402073301e-02
1.626303258728256170e-19 6.938893903907228378e-18 -8.673617379884035472e-18 -4.770489558936219510e-18 -1.387778780781445676e-17 2.168404344971008868e-19 1.734723475976807094e-18 3.469446951953614189e-18 2.016488598006733329e-02 -1.125808711042723502e-02
-6.396792817664474620e-18 5.204170427930421283e-18 3.469446951953614189e-18 -6.505213034913026604e-18 -1.040834085586084257e-17 -2.385244779468109755e-18 3.469446951953614189e-18 1.040834085586084257e-17 2.017876337020771058e-02 -7.218772693459816515e-03
4.987329993433319626e-18 5.204170427930421283e-18 -1.734723475976807094e-18 2.168404344971008868e-18 -1.214306433183764966e-17 -2.818925648462311528e-18 1.040834085586084257e-17 8.239936510889833698e-18 2.018645982357475388e-02 -3.177247101467095807e-03
-5.421010862427520629e-18 6.938893903907228378e-18 -3.469446951953614189e-18 -1.301042606982605321e-18 -1.517883041479706208e-17 6.505213034913026604e-18 3.469446951953614189e-18 9.974659986866640793e-18 2.018797298267551235e-02 8.652517098987662228e-04
-2.168404344971008387e-19 1.040834085586084257e-17 -1.040834085586084257e-17 -1.734723475976807094e-18 -1.214306433183764966e-17 8.673617379884035472e-18 1.257674520083185143e-17 5.475220971051797392e-18 2.018330238401571525e-02 4.907485486881081084e-03
3.306816626080787753e-18 6.938893903907228378e-18 -3.469446951953614189e-18 -1.734723475976807094e-18 -1.301042606982605321e-17 9.974659986866640793e-18 3.252606517456513302e-19 7.806255641895631925e-18 2.017244945824181457e-02 8.948216056904821289e-03
-1.246832498358329907e-18 8.673617379884035472e-18 -6.938893903907228378e-18 -8.673617379884035472e-19 -1.474514954580286030e-17 3.903127820947815962e-18 9.107298248878237246e-18 1.734723475976807094e-18 2.015541752970251635e-02 1.298620570784122380e-02
-1.734723475976806709e-18 1.040834085586084257e-17 -6.938893903907228378e-18 -5.204170427930421283e-18 -1.506871613165400303e-17 3.903127820947815962e-18 1.561251128379126385e-17 -1.734723475976807094e-18 2.013221181543085186e-02 1.702021756712931294e-02
-1.084202172485504241e-18 5.204170427930421283e-18 0.000000000000000000e+00 -1.214306433183764966e-17 -1.225148454908620010e-17 9.540979117872439019e-18 1.214306433183764966e-17 5.204170427930421283e-18 2.010283942354588668e-02 2.104901598064187404e-02
-1.355252715606880157e-18 3.469446951953614189e-18 -3.469446951953614189e-18 -6.938893903907228378e-18 -6.288372600415925717e-18 1.387778780781445676e-17 6.938893903907228378e-18 5.204170427930421283e-18 2.006730935107547270e-02 2.507136689117633876e-02
2.276824562219558926e-18 8.673617379884035472e-18 0.000000000000000000e+00 -1.214306433183764966e-17 -7.372574772901430151e-18 7.806255641895631925e-18 5.204170427930421283e-18 -1.734723475976807094e-18 2.002563248120056705e-02 2.908603821645939710e-02
7.480994990149979054e-18 1.561251128379126385e-17 -3.469446951953614189e-18 -1.387778780781445676e-17 -1.344410693882025498e-17 7.372574772901430151e-18 1.387778780781445676e-17 -1.734723475976807094e-18 1.997782157992127397e-02 3.309180022654292092e-02
-4.228388472693466522e-18 8.673617379884035472e-18 -6.938893903907228378e-18 -6.938893903907228378e-18 -4.336808689942017736e-18 4.770489558936219510e-18 1.734723475976807094e-17 -3.469446951953614189e-18 1.992389129214688914e-02 3.708742592048195480e-02
-6.830473686658676394e-18 8.673617379884035472e-18 -1.387778780781445676e-17 -1.734723475976807094e-18 -8.673617379884035472e-18 7.372574772901430151e-18 6.938893903907228378e-18 -1.387778780781445676e-17 1.986385813720984925e-02 4.107169140217726416e-02
-2.602085213965209871e-18 8.673617379884035472e-18 -6.938893903907228378e-18 -6.938893903907228378e-18 -9.540979117872439019e-18 1.127570259384924611e-17 2.428612866367529932e-17 -6.938893903907228378e-18 1.979774050380552625e-02 4.504337625526443067e-02
2.059984127722458039e-18 1.214306433183764966e-17 -2.081668171172168513e-17 -1.908195823574487804e-17 -8.673617379884035472e-18 1.214306433183764966e-17 1.734723475976807094e-17 1.734723475976807094e-17 1.972555864435993414e-02 4.900126391693876426e-02
-7.589415207398529112e-19 6.938893903907228378e-18 -1.387778780781445676e-17 3.469446951953614189e-18 -9.540979117872439019e-18 1.561251128379126385e-17 2.081668171172168513e-17 0.000000000000000000e+00 1.964733466882609761e-02 5.294414205059923967e-02
2.385244779468109370e-18 1.908195823574487804e-17 -2.081668171172168513e-17 -1.734723475976807094e-17 -3.469446951953614189e-18 1.734723475976807094e-17 2.081668171172168513e-17 0.000000000000000000e+00 1.956309253791149727e-02 5.687080291719924519e-02
1.192622389734054685e-18 1.561251128379126385e-17 -1.387778780781445676e-17 -3.469446951953614189e-18 -1.387778780781445676e-17 2.341876692568689577e-17 1.387778780781445676e-17 -2.081668171172168513e-17 1.947285805573881201e-02 6.078004374518494735e-02
1.517883041479705822e-18 2.081668171172168513e-17 -1.387778780781445676e-17 -1.040834085586084257e-17 -1.734723475976807094e-17 2.862293735361731706e-17 2.775557561562891351e-17 3.469446951953614189e-18 1.937665886194174167e-02 6.467066709891979015e-02
-2.927345865710861201e-18 3.469446951953614189e-18 -2.775557561562891351e-17 0.000000000000000000e+00 -1.734723475976807094e-18 5.204170427930421283e-18 2.081668171172168513e-17 -1.387778780781445676e-17 1.927452442319889728e-02 6.854148124546520504e-02
2.385244779468109370e-18 6.938893903907228378e-18 0.000000000000000000e+00 -2.428612866367529932e-17 -1.040834085586084257e-17 8.673617379884035472e-18 2.775557561562891351e-17 -1.387778780781445676e-17 1.916648602420774686e-02 7.239130051962069934e-02
2.168404344971008387e-19 3.469446951953614189e-18 -1.387778780781445676e-17 -1.734723475976807094e-17 5.204170427930421283e-18 1.214306433183764966e-17 2.081668171172168513e-17 -6.938893903907228378e-18 1.905257675810200640e-02 7.621894568710557705e-02
-1.734723475976806709e-18 3.469446951953614189e-18 -2.081668171172168513e-17 -2.428612866367529932e-17 0.000000000000000000e+00 1.908195823574487804e-17 6.938893903907228378e-18 -1.387778780781445676e-17 1.893283151631479366e-02 8.002324430576648884e-02
4.987329993433319626e-18 1.387778780781445676e-17 -2.775557561562891351e-17 -3.469446951953614189e-18 -1.734723475976807094e-18 1.387778780781445676e-17 3.469446951953614189e-17 -1.387778780781445676e-17 1.880728697789097598e-02 8.380303108470885110e-02
-1.084202172485504193e-19 -3.469446951953614189e-18 -2.775557561562891351e-17 -1.734723475976807094e-17 0.000000000000000000e+00 -1.734723475976807094e-18 2.081668171172168513e-17 -2.081668171172168513e-17 1.867598159825221982e-02 8.755714824123426998e-02
-1.192622389734054685e-18 1.040834085586084257e-17 -6.938893903907228378e-18 -2.775557561562891351e-17 -1.040834085586084257e-17 1.387778780781445676e-17 2.775557561562891351e-17 -2.775557561562891351e-17 1.853895559741768062e-02 9.128444585548117773e-02
6.505213034913024678e-19 2.081668171172168513e-17 -2.775557561562891351e-17 -2.775557561562891351e-17 0.000000000000000000e+00 2.428612866367529932e-17 4.163336342344337027e-17 -1.387778780781445676e-17 1.839625094768436442e-02 9.498378222265477233e-02
6.071532165918823290e-18 1.734723475976807094e-17 -1.387778780781445676e-17 -2.081668171172168513e-17 -1.387778780781445676e-17 1.387778780781445676e-17 1.387778780781445676e-17 -1.387778780781445676e-17 1.824791136077034276e-02 9.865402420274212159e-02
1.192622389734054685e-18 6.938893903907228378e-18 0.000000000000000000e+00 -2.081668171172168513e-17 -1.387778780781445676e-17 1.127570259384924611e-17 1.387778780781445676e-17 0.000000000000000000e+00 1.809398227442575446e-02 1.022940475676030747e-01
-4.119968255444916079e-18 1.040834085586084257e-17 -2.081668171172168513e-17 0.000000000000000000e+00 -1.040834085586084257e-17 2.255140518769849223e-17 2.775557561562891351e-17 -6.938893903907228378e-18 1.793451083851469244e-02 1.059027373453300253e-01
3.252606517456512532e-18 2.775557561562891351e-17 -6.938893903907228378e-18 -2.775557561562891351e-17 -1.040834085586084257e-17 1.040834085586084257e-17 4.163336342344337027e-17 -2.775557561562891351e-17 1.776954590057276337e-02 1.094789881617761335e-01
-4.987329993433319626e-18 6.938893903907228378e-18 -4.163336342344337027e-17 -6.938893903907228378e-18 -6.938893903907228378e-18 2.168404344971008868e-17 4.163336342344337027e-17 -2.081668171172168513e-17 1.759913799084471611e-02 1.130217045791401670e-01
-5.637851296924621516e-18 3.469446951953614189e-17 -1.387778780781445676e-17 -4.163336342344337027e-17 -1.040834085586084257e-17 4.336808689942017736e-17 2.775557561562891351e-17 -3.469446951953614189e-17 1.742333930680644780e-02 1.165298014315089004e-01
4.770489558936218739e-18 1.387778780781445676e-17 -1.387778780781445676e-17 -4.163336342344337027e-17 -1.040834085586084257e-17 2.862293735361731706e-17 4.163336342344337027e-17 -2.081668171172168513e-17 1.724220369717663695e-02 1.200022041572528508e-01
4.336808689942016773e-19 1.387778780781445676e-17 -1.387778780781445676e-17 -1.734723475976807094e-17 -1.040834085586084257e-17 2.688821387764050996e-17 1.387778780781445676e-17 -1.387778780781445676e-17 1.705578664542227452e-02 1.234378491281754031e-01
4.336808689942016966e-18 2.081668171172168513e-17 -2.081668171172168513e-17 -3.816391647148975608e-17 -1.734723475976807094e-17 3.469446951953614189e-17 4.163336342344337027e-17 -2.775557561562891351e-17 1.686414525276340448e-02 1.268356839753103094e-01
-8.023096076392731271e-18 1.387778780781445676e-17 -6.938893903907228378e-18 -1.387778780781445676e-17 -3.469446951953614189e-18 3.989863994746656317e-17 2.775557561562891351e-17 -6.938893903907228378e-18 1.666733822068299647e-02 1.301946679112734040e-01
-1.084202172485504241e-18 1.040834085586084257e-17 -6.938893903907228378e-18 -2.081668171172168513e-17 -6.938893903907228378e-18 7.806255641895631925e-18 1.387778780781445676e-17 -2.775557561562891351e-17 1.646542583294555856e-02 1.335137720490637003e-01
-4.119968255444916079e-18 6.938893903907228378e-18 -2.081668171172168513e-17 -1.387778780781445676e-17 0.000000000000000000e+00 1.561251128379126385e-17 4.163336342344337027e-17 -2.775557561562891351e-17 1.625846993713223054e-02 1.367919797172199026e-01
-8.673617379884033546e-19 6.938893903907228378e-18 -1.387778780781445676e-17 -2.775557561562891351e-17 1.387778780781445676e-17 -3.469446951953614189e-18 6.938893903907228378e-17 -1.387778780781445676e-17 1.604653392569583420e-02 1.400282867712393520e-01
1.734723475976806709e-18 -3.469446951953614189e-18 -1.387778780781445676e-17 -3.469446951953614189e-17 1.387778780781445676e-17 1.040834085586084257e-17 2.775557561562891351e-17 0.000000000000000000e+00 1.582968271654357911e-02 1.432217019011525483e-01
-3.903127820947815192e-18 0.000000000000000000e+00 -6.938893903907228378e-18 -2.081668171172168513e-17 0.000000000000000000e+00 2.602085213965210642e-17 1.387778780781445676e-17 -2.775557561562891351e-17 1.560798273315184420e-02 1.463712469351744760e-01
3.469446951953613418e-18 6.938893903907228378e-18 -3.469446951953614189e-17 -2.775557561562891351e-17 0.000000000000000000e+00 1.734723475976807094e-17 4.163336342344337027e-17 -1.387778780781445676e-17 1.538150188422023404e-02 1.494759571393236008e-01
-1.734723475976806709e-18 -1.040834085586084257e-17 -4.163336342344337027e-17 -4.857225732735059864e-17 3.469446951953614189e-18 9.540979117872439019e-18 5.551115123125782702e-17 -2.775557561562891351e-17 1.515030954287052353e-02 1.525348815129310975e-01
-4.987329993433319626e-18 6.938893903907228378e-18 -2.081668171172168513e-17 -3.469446951953614189e-17 3.122502256758252770e-17 1.734723475976807094e-17 6.938893903907228378e-17 -4.163336342344337027e-17 1.491447652539691637e-02 1.555470830799379756e-01
2.168404344971008387e-19 2.428612866367529932e-17 -3.469446951953614189e-17 -2.081668171172168513e-17 -6.938893903907228378e-18 4.163336342344337027e-17 5.551115123125782702e-17 -2.775557561562891351e-17 1.467407506957454921e-02 1.585116391759045784e-01
1.301042606982604936e-18 2.081668171172168513e-17 -5.551115123125782702e-17 -6.938893903907228378e-18 -6.938893903907228378e-18 5.030698080332740574e-17 2.775557561562891351e-17 0.000000000000000000e+00 1.442917881253224371e-02 1.614276417306243772e-01
-2.168404344971008483e-18 1.040834085586084257e-17 -2.081668171172168513e-17 -5.551115123125782702e-17 -1.387778780781445676e-17 3.295974604355933479e-17 2.775557561562891351e-17 -2.775557561562891351e-17 1.417986276819692068e-02 1.642941975462800797e-01
-4.336808689942016773e-19 2.428612866367529932e-17 -4.163336342344337027e-17 -4.163336342344337027e-17 -6.938893903907228378e-18 1.214306433183764966e-17 2.775557561562891351e-17 -5.551115123125782702e-17 1.392620330431617801e-02 1.671104285710335591e-01
-1.734723475976806709e-18 2.081668171172168513e-17 -1.387778780781445676e-17 1.387778780781445676e-17 0.000000000000000000e+00 5.030698080332740574e-17 2.775557561562891351e-17 0.000000000000000000e+00 1.366827811906594012e-02 1.698754721679833768e-01
7.155734338404327724e-18 1.387778780781445676e-17 -5.551115123125782702e-17 6.938893903907228378e-18 0.000000000000000000e+00 2.602085213965210642e-17 5.551115123125782702e-17 -4.163336342344337027e-17 1.340616621725113436e-02 1.725884813793990280e-01
-3.903127820947815192e-18 2.081668171172168513e-17 0.000000000000000000e+00 -5.551115123125782702e-17 2.081668171172168513e-17 1.734723475976807094e-18 8.326672684688674053e-17 -1.387778780781445676e-17 1.313994788610545542e-02 1.752486251861486710e-01
1.734723475976806709e-18 2.081668171172168513e-17 -1.387778780781445676e-17 -2.081668171172168513e-17 -1.387778780781445676e-17 3.816391647148975608e-17 2.775557561562891351e-17 -2.775557561562891351e-17 1.286970467069917592e-02 1.778550887622510068e-01
-6.722053469410125950e-18 -6.938893903907228378e-18 0.000000000000000000e+00 -3.469446951953614189e-17 4.163336342344337027e-17 5.204170427930421283e-18 5.551115123125782702e-17 -5.551115123125782702e-17 1.259551934896049538e-02 1.804070737244610478e-01
-6.071532165918823290e-18 0.000000000000000000e+00 -2.775557561562891351e-17 -4.163336342344337027e-17 2.081668171172168513e-17 4.336808689942017736e-17 5.551115123125782702e-17 -2.775557561562891351e-17 1.231747590632037773e-02 1.829037983768246889e-01
-6.505213034913024678e-19 0.000000000000000000e+00 -1.387778780781445676e-17 -2.775557561562891351e-17 2.081668171172168513e-17 1.734723475976807094e-18 5.551115123125782702e-17 -5.551115123125782702e-17 1.203565950998686587e-02 1.853444979501168433e-01
-6.288372600415924176e-18 1.387778780781445676e-17 -4.163336342344337027e-17 -2.775557561562891351e-17 0.000000000000000000e+00 1.734723475976807094e-17 5.551115123125782702e-17 0.000000000000000000e+00 1.175015648285785905e-02 1.877284248360984176e-01
4.336808689942016773e-19 3.469446951953614189e-18 -2.775557561562891351e-17 -3.469446951953614189e-17 3.469446951953614189e-17 2.428612866367529932e-17 5.551115123125782702e-17 0.000000000000000000e+00 1.146105427707920163e-02 1.900548488165161309e-01
6.505213034913024678e-19 2.081668171172168513e-17 -2.775557561562891351e-17 -9.714451465470119729e-17 3.469446951953614189e-17 2.602085213965210642e-17 8.326672684688674053e-17 -2.775557561562891351e-17 1.116844144725756202e-02 1.923230572867730692e-01
-3.035766082959411645e-18 1.387778780781445676e-17 0.000000000000000000e+00 -6.938893903907228378e-17 2.775557561562891351e-17 1.214306433183764966e-17 2.775557561562891351e-17 -4.163336342344337027e-17 1.087240762333559554e-02 1.945323554742075245e-01
-1.734723475976806709e-18 1.734723475976807094e-17 -1.387778780781445676e-17 -1.040834085586084257e-16 2.081668171172168513e-17 2.775557561562891351e-17 5.551115123125782702e-17 -4.163336342344337027e-17 1.057304348313702416e-02 1.966820666509059290e-01
-4.553649124439117852e-18 -3.469446951953614189e-18 -1.387778780781445676e-17 -7.632783294297951215e-17 2.081668171172168513e-17 1.040834085586084257e-17 5.551115123125782702e-17 -4.163336342344337027e-17 1.027044072459135440e-02 1.987715323409951496e-01
3.252606517456512532e-18 1.040834085586084257e-17 1.387778780781445676e-17 -4.857225732735059864e-17 2.775557561562891351e-17 5.898059818321144121e-17 8.326672684688674053e-17 -4.163336342344337027e-17 9.964692037646209755e-03 2.008001125223332906e-01
5.637851296924621516e-18 3.122502256758252770e-17 -1.387778780781445676e-17 -6.938893903907228378e-18 6.938893903907228378e-18 4.163336342344337027e-17 2.775557561562891351e-17 -4.163336342344337027e-17 9.655891075875180918e-03 2.027671858225608137e-01
-1.301042606982604936e-18 6.938893903907228378e-18 1.387778780781445676e-17 -6.938893903907228378e-17 0.000000000000000000e+00 3.122502256758252770e-17 0.000000000000000000e+00 -4.163336342344337027e-17 9.344132427791494722e-03 2.046721497094259323e-01
6.722053469410125950e-18 6.938893903907228378e-18 -2.775557561562891351e-17 -4.857225732735059864e-17 4.163336342344337027e-17 4.683753385137379155e-17 5.551115123125782702e-17 -4.163336342344337027e-17 9.029511587873573220e-03 2.065144206753520562e-01
6.071532165918823290e-18 1.040834085586084257e-17 0.000000000000000000e+00 -3.469446951953614189e-17 0.000000000000000000e+00 1.908195823574487804e-17 2.775557561562891351e-17 1.387778780781445676e-17 8.712124927315795242e-03 2.082934344161664897e-01
-3.903127820947815192e-18 1.387778780781445676e-17 -2.775557561562891351e-17 -3.469446951953614189e-17 4.857225732735059864e-17 7.285838599102589797e-17 5.551115123125782702e-17 -4.163336342344337027e-17 8.392069664507645355e-03 2.100086460039534975e-01
5.637851296924621516e-18 3.122502256758252770e-17 -4.163336342344337027e-17 6.938893903907228378e-18 0.000000000000000000e+00 7.806255641895631925e-17 5.551115123125782702e-17 -2.775557561562891351e-17 8.069443835255908637e-03 2.116595300539731161e-01
9.540979117872437479e-18 1.040834085586084257e-17 -2.775557561562891351e-17 -4.163336342344337027e-17 0.000000000000000000e+00 4.336808689942017736e-17 5.551115123125782702e-17 -2.775557561562891351e-17 7.744346262754615851e-03 2.132455808855856783e-01
4.336808689942016966e-18 1.040834085586084257e-17 -2.775557561562891351e-17 -2.775557561562891351e-17 2.775557561562891351e-17 1.734723475976807094e-17 1.110223024625156540e-16 -5.551115123125782702e-17 7.416876527315485745e-03 2.147663126771527931e-01
-2.168404344971008483e-18 1.040834085586084257e-17 -5.551115123125782702e-17 -4.163336342344337027e-17 -2.081668171172168513e-17 5.030698080332740574e-17 8.326672684688674053e-17 -4.163336342344337027e-17 7.087134935864568275e-03 2.162212596148434252e-01
-5.204170427930419742e-18 1.387778780781445676e-17 1.387778780781445676e-17 -4.163336342344337027e-17 3.469446951953614189e-17 3.295974604355933479e-17 8.326672684688674053e-17 -1.387778780781445676e-17 6.755222491218099146e-03 2.176099760353207846e-01
-3.686287386450714305e-18 2.428612866367529932e-17 -2.775557561562891351e-17 1.387778780781445676e-17 2.081668171172168513e-17 5.724587470723463412e-17 5.551115123125782702e-17 -4.163336342344337027e-17 6.421240861144442147e-03 2.189320365622504372e-01
-1.235990476633474747e-17 1.387778780781445676e-17 0.000000000000000000e+00 -1.179611963664228824e-16 6.938893903907228378e-18 1.908195823574487804e-17 5.551115123125782702e-17 -5.551115123125782702e-17 6.085292347221459008e-03 2.201870362365975498e-01
-1.973247953923617762e-17 3.469446951953614189e-18 -2.775557561562891351e-17 -8.326672684688674053e-17 -2.081668171172168513e-17 2.949029909160572061e-17 2.775557561562891351e-17 0.000000000000000000e+00 5.747479853501817615e-03 2.213745906406711372e-01
1.366094737331735279e-17 2.428612866367529932e-17 -4.163336342344337027e-17 -4.163336342344337027e-17 0.000000000000000000e+00 2.602085213965210642e-17 2.775557561562891351e-17 -5.551115123125782702e-17 5.407906854991491319e-03 2.224943360158717909e-01
6.722053469410125950e-18 1.387778780781445676e-17 -4.163336342344337027e-17 -3.469446951953614189e-17 -2.775557561562891351e-17 5.030698080332740574e-17 2.775557561562891351e-17 -2.775557561562891351e-17 5.066677365955403467e-03 2.235459293741172138e-01
4.119968255444916079e-18 1.734723475976807094e-17 -4.163336342344337027e-17 -6.245004513516505540e-17 1.387778780781445676e-17 5.030698080332740574e-17 0.000000000000000000e+00 -2.775557561562891351e-17 4.723895908055907034e-03 2.245290486028995725e-01
-2.168404344971008387e-19 6.938893903907228378e-18 -6.938893903907228378e-17 -2.775557561562891351e-17 0.000000000000000000e+00 3.989863994746656317e-17 1.110223024625156540e-16 -5.551115123125782702e-17 4.379667478337810615e-03 2.254433925639542924e-01
-9.107298248878235705e-18 -2.775557561562891351e-17 0.000000000000000000e+00 -5.551115123125782702e-17 3.469446951953614189e-17 -1.734723475976807094e-17 5.551115123125782702e-17 -1.387778780781445676e-17 4.034097517066230487e-03 2.262886811854996905e-01
1.127570259384924303e-17 3.469446951953614189e-18 -1.387778780781445676e-17 -3.469446951953614189e-17 2.081668171172168513e-17 4.857225732735059864e-17 2.775557561562891351e-17 -1.387778780781445676e-17 3.687291875429349330e-03 2.270646555480250184e-01
1.149254302834634392e-17 -3.469446951953614189e-17 0.000000000000000000e+00 -9.020562075079396891e-17 1.387778780781445676e-17 3.642919299551294898e-17 2.775557561562891351e-17 0.000000000000000000e+00 3.339356783115692007e-03 2.277710779636022698e-01
-7.372574772901428611e-18 3.122502256758252770e-17 -2.775557561562891351e-17 -6.245004513516505540e-17 -6.938893903907228378e-18 3.295974604355933479e-17 0.000000000000000000e+00 -6.938893903907228378e-17 2.990398815774460151e-03 2.284077320486880835e-01
-8.023096076392731271e-18 3.469446951953614189e-18 -5.551115123125782702e-17 -4.163336342344337027e-17 1.387778780781445676e-17 3.295974604355933479e-17 5.551115123125782702e-17 -4.163336342344337027e-17 2.640524862370451087e-03 2.289744227904105534e-01
